,Class,NER
6069,EVENT,龍潭現金案
6640,EVENT,台南震災
10067,EVENT,東京食品展
10053,EVENT,三一一地震
17432,EVENT,世運
4342,EVENT,千里錦繡-棉紙藝術撕畫展
4345,EVENT,千里錦繡─棉紙藝術撕畫展
4353,EVENT,議會藝術走廊
12041,EVENT,法國巴黎食品展
12047,EVENT,德國科隆食品展
12050,EVENT,東京國際食品展
12114,EVENT,五年前三一一東日本大震災
20024,EVENT,院會
4628,EVENT,一○五年南區技職教育博覽會
12117,EVENT,促進日台經濟文化交流青年議員會
10118,EVENT,二０一七年生態交通全球盛典
15793,EVENT,疏伐木ＤＩＹ生活傢俱
20047,EVENT,二０一五宗教生命關懷國際學術研討會
8799,EVENT,西灣飆浪體驗活動
589,EVENT,普度法會
20063,EVENT,宗教心靈改革 學術研討會
23448,EVENT,和家盃
4829,EVENT,你愛水 我節水 歡慶兒童節
23421,EVENT,二○一六全國第六十屆和家盃排球錦標賽
633,EVENT,幸福家庭、兒童嘉年華會
3005,EVENT,民主進步黨第十六屆第一次臨時全國黨代表大會
2990,EVENT,民進黨第十六屆第一次臨時全國黨代表大會
23418,EVENT,高雄區農業改良場
13210,EVENT,COP11蒙特婁氣候變遷大會
22532,EVENT,漯底山國際青年商會
13176,EVENT,祭祀典禮
20045,EVENT,道教國際學術研討會
19856,EVENT,國際溜冰館
17410,EVENT,世大運
4840,EVENT,樂活節
2124,EVENT,木蘭足球聯賽
6472,EVENT,仁武嘉年華會
19603,EVENT,七三一石化氣爆
17772,EVENT,中央災害防救會報第三十三次會議
3384,EVENT,美麗島事件
14634,EVENT,太陽花學運
11747,EVENT,大河之舞
21072,EVENT,星光歡迎會
21058,EVENT,南橫馬拉松活動
19649,EVENT,南台大地震
5561,EVENT,跟查理布朗旅行趣
15992,EVENT,南台灣強震
17351,EVENT,玫瑰花節
17359,EVENT,龍舟競賽
18983,EVENT,新住民慶元宵聯誼座談會
17731,EVENT,二 ○○九世界運動會
475,EVENT,九州熊本強震
6633,EVENT,二○一六禪淨共修祈福法會
16695,EVENT,南台灣大地震
2154,EVENT,木蘭女足聯賽
5222,EVENT,環境議題車體廣告徵選活動
6576,EVENT,五二○
5882,EVENT,大 魯閣草衙道
20149,EVENT,安祈福大法會
11835,EVENT,莫拉克
17376,EVENT,全國漆彈大作戰記者會
19739,EVENT,總統大選
15842,EVENT,波灣食品展
17728,EVENT,二○一七世大運
21052,EVENT,南橫馬拉松賽
2403,EVENT,台灣國際扣件展
15838,EVENT,波灣國際食品展
10387,EVENT,高雄捷運
18186,EVENT,大林蒲西南瘋音樂祭
23316,EVENT,幸福年菜呷辦桌
2344,EVENT,二次世界大戰
9385,EVENT,東沙太陽能光電系統啟用典禮
4727,EVENT,全國漆彈大作戰第二波戰火
12674,EVENT,大泉淨水場暨下游輸水工程
15474,EVENT,創新荷蘭行動展
12713,EVENT,九二一
7293,EVENT,三讀會
17574,EVENT,登革熱疫治會議
16796,EVENT,台北燈會
20382,EVENT,道教嘉年華會
4369,EVENT,高雄國際海事船舶展暨國防工業展
22960,EVENT,歲末送暖愛心關懷活動
2530,EVENT,扁案
20440,EVENT,70週年慶
18235,EVENT,Ｏ二Ｏ六台南震災
15415,EVENT,美•山城馬拉松比賽
16797,EVENT,南投燈會
22672,EVENT,全國教育局長會議
18765,EVENT,二○一六新春文化饗宴
22934,EVENT,台灣好玩卡
6992,EVENT,土銀七十載新春樂舞墨
22857,EVENT,二二八影展
22848,EVENT,二二八紀念音樂會
22847,EVENT,二二八紀念 音樂會
22844,EVENT,大賽英雄 台灣新生
22836,EVENT,五月風暴
1018,EVENT,美濃福安菸葉輔導站整建工程
22795,EVENT,聯合發放愛 心園遊會
18312,EVENT,家庭微旅行親子野餐創意秀
9238,EVENT,第十一屆會員代表大會
15407,EVENT,全國油畫比賽
20805,EVENT,蘇迪勒颱風
18348,EVENT,九二一震災
9069,EVENT,桃園燈會
20159,EVENT,雅安大地震
13156,EVENT,客庄十二大節慶
13150,EVENT,華開幕式
2912,EVENT,一○五年度南區技職博覽會
20186,EVENT,高雄七三一石化氣爆
4772,EVENT,小澤征 爾音樂祭
20200,EVENT,海燕颱風
20201,EVENT,桃芝風災
20230,EVENT,九二一大地震
23232,EVENT, 一日農夫體驗趣
9679,EVENT,國民小學運動會
7421,EVENT,全國兒童才藝總決賽
2313,EVENT,全國黨代表大會
4362,EVENT,第一屆海事展
9598,EVENT,第三屆高雄會展論壇
1195,EVENT,二零一六新加坡國際食 品展
9592,EVENT,二０一六亞太肝臟醫學研討會
20838,EVENT,世界運動大會
12975,EVENT,全國田徑錦標賽
6861,EVENT,全國漆彈大賽開幕典禮
12998,EVENT,全國運動會
9445,EVENT,二０一七生態交通全球盛典籌備委員會
13010,EVENT,里約奧運
4391,EVENT,台灣第一屆國際海事展
13025,EVENT,奧運
15628,EVENT,台北國際旅展
15630,EVENT,二○一六高雄國際旅展
9560,EVENT,二０一五金屬科技展
13076,EVENT,美的總動員 －藝術家展覽會
16774,EVENT,二○六大地震
6832,EVENT,大同福樂學堂
6846,EVENT,全國最大漆彈賽事
406,EVENT,水門案
6546,EVENT,進擊的校園全國漆彈大作戰
23964,EVENT,環境影響評估審查委 員會第三十三次會議
162,EVENT,二次大戰
3869,EVENT,高雄環狀輕軌捷運建設第二階段統包工程
6468,EVENT,仁武學苑兒童肚皮舞
18689,EVENT,○二○六震災優先處置事項研商會議
4961,EVENT,那瑪夏賞螢
10802,EVENT,東京奧運
21272,EVENT,春節花卉展
6261,EVENT,冠軍爭奪戰
6272,EVENT,治安會報
21268,EVENT,美術北三路住宅大樓新建工程
10755,EVENT,二Ｏ一六六堆嘉年華活動
22174,EVENT,風華再現•城市文化再生 新亮點
10744,EVENT,第五十一屆六堆運動會
24234,EVENT,福蝶 生態藝術冬令營
10741,EVENT,大武山下的小奧運
6075,EVENT,紅火案
24224,EVENT,福蝶生態藝術冬令營
10721,EVENT,六堆運動會
13588,EVENT,八八風災
19300,EVENT,○二○六震災
19317,EVENT,臺南市○二○六震災罹難者頭七法會
24209,EVENT,趙評彩繪衣衫展
18700,EVENT,九二一地震
14462,EVENT,李科永紀念圖書館
6333,EVENT,宋江陣頭大賽
24456,EVENT,台灣國際遊艇展
13583,EVENT,台南大地震
16549,EVENT,燈會
16534,EVENT,高雄燈會
10968,EVENT,國際同濟會二○一六亞太年會
6065,EVENT,新聞夜總會
24699,EVENT,春節送暖歲末關懷活動
14010,EVENT,文化觀光公車好好玩
21600,EVENT,寶來之美全國油畫比賽
10949,EVENT,二○一六國際遊艇展
21580,EVENT,立院民進 黨黨團會議
13917,EVENT,槌球錦標賽
18602,EVENT,溫馨感謝卡活動
18515,EVENT,祈福會
14292,EVENT,二二八事件
14305,EVENT,二二八林宅血案
16402,EVENT,高雄燈會藝術節
14315,EVENT,二二八慘案
13823,EVENT,○二○六地震
14333,EVENT,高雄市二二八和平紀念活動
13789,EVENT,印尼峇里島迎賓舞
14354,EVENT,高屏地區二二八
24634,EVENT,春節送暖歲末 關懷活動
13784,EVENT,祝福之舞
19116,EVENT,幸福萬人提燈大遊行
19117,EVENT,旗津踩風二日遊
10897,EVENT,百座世運
3966,EVENT,迎春宴
3959,EVENT,頒獎典禮
24475,EVENT,台灣國際遊艇 展
6349,EVENT,燕巢區社區公車永續經營公聽會
14388,EVENT,林家血案
1521,EVENT,五二０
14580,EVENT,高雄哈客嘉年華會
10618,EVENT,高雄市市長盃扯鈴 暨民俗體育錦標賽
18708,EVENT,莫拉克風災
7644,EVENT,莫拉克八八風災
21102,EVENT,馬拉松路跑
8539,EVENT,台北旅展
14582,EVENT,美的總動員－藝術家展覽會
22361,EVENT,中常會
2104,EVENT,大專足球聯賽
10556,EVENT,太平洋藝術節
23989,EVENT,六台灣國際遊艇展
17842,EVENT,全運會
6041,EVENT,第二屆族語單詞競賽活動
19499,EVENT,漢神百貨
17789,EVENT,行政院災害防救專家諮詢委員會
24052,EVENT,馬王政爭
19002,EVENT,大立百貨
13579,EVENT,二二八
1476,EVENT,小港沿海六里遷村推動小組
11445,EVENT,高雄國際旅展
16038,EVENT,第二十一屆義工聯合隊慶
8554,EVENT,高雄旅展
19390,EVENT,土壤液化及老舊建物耐震補強協商會議
6422,EVENT,小營養午餐整合研討會
14507,EVENT,中華書道學會作品聯展
10531,EVENT,拉庫斯溪復興橋上游土石防治二 期工程
2088,EVENT,木蘭聯賽
17997,EVENT,全國黨員代表大會
19008,EVENT,高雄嘉年華
3584,EVENT,臨時案
4200,EVENT,亞太國際教育協會暨教育展
7283,GPE,文化中心
1852,GPE,民雄
21099,GPE,那瑪夏
2105,GPE,木蘭足球聯賽
7883,GPE,方德隆
2350,GPE,尼泊爾
21101,GPE,桃源
15177,GPE,新埔
18641,GPE,梓官區
21056,GPE,桃源居
21445,GPE,虎尾
18643,GPE,蚵仔
21054,GPE,桃 源
5935,GPE,太爺里
18764,GPE,前屏縣
14736,GPE,阿曼市中心
2366,GPE,日據
7690,GPE,訪美
20736,GPE,香港行
14190,GPE,茄萣
15225,GPE,無極
7204,GPE,高雄市眷村
7936,GPE,台西鄉崙豐
20645,GPE,鳳山五甲社區
7208,GPE,眷村
4423,GPE,金馬
1803,GPE,福興宮
7926,GPE,崙豐市區
7211,GPE,左營自治新村
21607,GPE,高市府
2391,GPE,印度
7243,GPE,左營
7244,GPE,左營眷村
2387,GPE,路竹阿蓮
14214,GPE,高雄市苓雅區
7919,GPE,高雄道
5880,GPE,高雄前鎮
14233,GPE,茄萣區
7907,GPE,進香團
2381,GPE,台灣國
14248,GPE,菲國
2376,GPE,澳地利
15201,GPE,玉井
18727,GPE,幸福高雄
15107,GPE,深圳
2140,GPE,南台灣
2210,GPE,前鎮區
4443,GPE,都市
21017,GPE,基隆
14995,GPE,江西
7510,GPE,修市
14992,GPE,水里
14774,GPE,馬斯開特市中心
2029,GPE,全國
14464,GPE,飛雁新村
14990,GPE,台南巿
16953,GPE,大樹
7442,GPE,中正國
21256,GPE,鼓山 區
7458,GPE,高雄市岡山區程香里
14785,GPE,南非
2178,GPE,高雄市前鎮區
7461,GPE,程香里
7682,GPE,大陸
7684,GPE,上海
5920,GPE,葉厝里
7686,GPE,韓國
14941,GPE,高樹
14959,GPE,三清道德宮
7471,GPE,橋頭區
5027,GPE,台 南市
7844,GPE,岡山
14379,GPE,小林村
16835,GPE,高雄南區
15112,GPE,國姓鄉
7842,GPE,南投縣埔里鎮
17076,GPE,鳳山體育園區
21364,GPE,日本九州
1957,GPE,縣市
7376,GPE,高屏
1963,GPE,東京都
15096,GPE,八里無極鎮
21106,GPE,南橫
15068,GPE,南投慈善宮
7835,GPE,崗山
5828,GPE,北京市
21362,GPE,九洲
21361,GPE,九州
7829,GPE,燕巢
1986,GPE, By 黃福鎮
4428,GPE,政府
7604,GPE,賴清德
15020,GPE,西仔灣
2273,GPE,中央
7820,GPE,海軍眷村
2268,GPE,北高勞
2260,GPE,獨厚台
7814,GPE,左營區明德國小
20880,GPE,陳金德副市長
7189,GPE,兩岸
6828,GPE,大同國
15241,GPE,松山
6048,GPE,那瑪夏區
19028,GPE,高雄翰
19371,GPE,彰化
6356,GPE,燕巢區
4176,GPE,中山大學
19345,GPE,屏東縣長
6328,GPE,高雄內門
6322,GPE,順賢宮
16623,GPE,田寮
6315,GPE,內門
16172,GPE,忠孝
6285,GPE,原東
16182,GPE,景義
19262,GPE,日式
3796,GPE,美高
3807,GPE, 灣
3822,GPE,南台
6051,GPE,臺南市
16168,GPE,高屏澎
6381,GPE,瓊林里
4222,GPE,小港
19432,GPE,南部
3402,GPE,冰島
6465,GPE,仁武
19587,GPE,南台灣美濃
6451,GPE,台中市
19569,GPE,永康
6439,GPE,雙北市
6424,GPE,佛公國
6423,GPE,大汕
19523,GPE,高雄平 安
3424,GPE,俄羅斯
3430,GPE,巴拿馬
3432,GPE,旅美
6421,GPE,中洲
16666,GPE,新北市政府城鄉
6408,GPE,旗津國
3440,GPE,威斯康辛州
6403,GPE,旗津區
4237,GPE,六里
6396,GPE,金 山
16243,GPE,中山國
19601,GPE,台南永康
6240,GPE,福營
3925,GPE,高雄長
6180,GPE,五福
4032,GPE,松本市
4039,GPE,東京
6179,GPE,新北秀峰
4052,GPE,琉球
4055,GPE,札幌
4066,GPE,福岡
16408,GPE,波特蘭
4030,GPE,長野市
16412,GPE,英國利物浦市
19070,GPE,中區
16424,GPE,Gary Millar
16440,GPE,愛河
6148,GPE,新北福營
16466,GPE,姊妹市
6145,GPE,埔里
6142,GPE,投縣埔里
6099,GPE,越方
16413,GPE,千葉縣
6181,GPE,高市五福
4025,GPE,大阪
19095,GPE,服台
16298,GPE,南鯤鯓代天府
19188,GPE,旗后
19184,GPE,牡丹
19179,GPE,茂林
19176,GPE,聚竹
19175,GPE,山東
19171,GPE,杉林區
16322,GPE,鎮東土
19136,GPE,西城
19135,GPE,杉林
6210,GPE,苗縣通霄
6208,GPE,桃市南崁
16383,GPE,宮崎縣
19110,GPE,河北
16385,GPE,利物浦市
16387,GPE,北海道
16391,GPE,熊本 縣
16392,GPE,三重縣
4006,GPE,高雄美
3924,GPE,澄清湖
20596,GPE,瑞豐夜市
3389,GPE,堪薩斯市
6485,GPE,南投集集
2696,GPE,西班牙
2701,GPE,港都
15526,GPE,澳洲
2722,GPE,哈瑪星
20367,GPE,彌陀區
16788,GPE,車瓜林
15584,GPE,台南大地震
2788,GPE,中國
6871,GPE,美國隊
6856,GPE,英國
20347,GPE,田寮區
15712,GPE,旗山三協里馬頭山
20321,GPE,漢堡
20317,GPE,衛福部南區
20316,GPE,左楠
16779,GPE,反馬
1795,GPE,媽祖
6822,GPE,高雄市市中心
6850,GPE,台灣隊
15475,GPE,阿姆斯特丹
2686,GPE,內湖
6885,GPE,日籍
15256,GPE,高雄港
20572,GPE,斗六
20568,GPE,新莊
7111,GPE,高雄選區
20562,GPE,天母
20553,GPE,新竹
15288,GPE,南投
15338,GPE,鼎泰里
6993,GPE,臺中市
2473,GPE,台 灣
6984,GPE,宜蘭縣
6977,GPE,高 雄市
6967,GPE,花蓮縣
5950,GPE,湖內
18836,GPE,舊護城
15461,GPE,鹿特丹
20408,GPE,楠梓區清豐里
20392,GPE,高雄市林園
15462,GPE,荷蘭
16770,GPE,高雄市旗山
3376,GPE,華盛頓
20270,GPE,日本海嘯
20256,GPE,大高雄
6647,GPE,台東
6026,GPE,屏山國
15810,GPE,森林園區
6627,GPE,澎湖
6618,GPE,馬祖
15831,GPE,波灣
3221,GPE,園冶
19753,GPE,赤山
19864,GPE,仁武區八卦里
3246,GPE,凱達格蘭基金
15877,GPE,張世朋
16690,GPE,高雄市內門
19688,GPE,旗美
15958,GPE,東方大鎮
3349,GPE,加拿大
6503,GPE,嘉義
6493,GPE,埔里地母廟
3370,GPE,林肯
15851,GPE,杜拜所
6670,GPE,北市北投
6671,GPE,北投
6697,GPE,桃 市南崁
15732,GPE,三協里
18898,GPE,三民區河堤國
20217,GPE,大興
20198,GPE,鷹潭市
2911,GPE,高雄區
2914,GPE,雲林
6796,GPE,南崁
20157,GPE,江西省
2941,GPE,臺東縣
20138,GPE,大陸四川
4356,GPE,高雄鳳邑
20130,GPE,汶山
2950,GPE,臺東
2979,GPE,台南市長
6768,GPE,桃市
6747,GPE,投縣埔
6745,GPE,苗縣
20051,GPE,湖北
15797,GPE,潮州林
20265,GPE,大陸湖北
21629,GPE,茂管
11575,GPE,竹南
17152,GPE,鳥松區公所
23875,GPE,岡 山
10277,GPE,楠梓
11761,GPE,燕巢大學城
469,GPE,蘇炎城
11782,GPE,六龜區
11809,GPE,大佛位
11817,GPE,彩虹山宗教園區
10217,GPE,關島
23853,GPE,岡山地區
4876,GPE,大寮區
23845,GPE,新園
10191,GPE,駐法
11881,GPE,高雄苓雅 區
11886,GPE,林園區林家里
10161,GPE,前金
10156,GPE,梓官
18131,GPE,明德眷村
4854,GPE,左營區
10140,GPE,鹽埕
18132,GPE,建業
10198,GPE,巴黎
10285,GPE,新興
23897,GPE,山鹿市
10286,GPE,大社
367,GPE,台北市
374,GPE,高雄縣市
10499,GPE,六龜區中興里尾庄
10480,GPE,嘉義縣
10465,GPE,茂林國
23976,GPE,高雄高
11680,GPE,斗山熊
11711,GPE,臺灣高雄
397,GPE,美國
4883,GPE,鹽埕區
23963,GPE,高雄市茄萣區
10381,GPE,高捷
11720,GPE,中華
11732,GPE,波特蘭姊妹市
4881,GPE,岡山區
18096,GPE,宜蘭縣頭城鎮
4878,GPE,新興區
10309,GPE, 前鎮區
10300,GPE,橋頭
10298,GPE,鳥松
10291,GPE, 小港
11923,GPE,大台北
351,GPE,苗栗縣
23723,GPE,明德新村
17706,GPE,韓國釜山
4790,GPE,高雄市龍華
660,GPE,彰化縣長
9815,GPE,神奈川縣
23294,GPE,中里里
12272,GPE,高雄國
4787,GPE,菅谷昭
12298,GPE,岡山魚市
4783,GPE,鳳西
9745,GPE,勤和
5294,GPE,鳥松區鳥松里
12306,GPE,岡山區岡山路
23233,GPE,高雄六龜
4768,GPE,大仁
9696,GPE,舊城國
12351,GPE,農夫市
9659,GPE,臺南
12362,GPE,國連大學農夫市
23211,GPE,苓雅夜市
12372,GPE,東京市區
12378,GPE,阿曼
9738,GPE,桃源區
18164,GPE,阪神
4821,GPE,桃園
9860,GPE,蚵仔寮特定區
11975,GPE,阿蓮區
10022,GPE,高雄長庚醫院
11983,GPE,高雄市岡山
12012,GPE,瑞典
12022,GPE,芬蘭
23555,GPE,福山里
561,GPE,甲仙
23515,GPE,左營楠梓
577,GPE,甲仙區
9933,GPE,法國
9932,GPE,南非辛巴威
12164,GPE,福島
12176,GPE,嘉義縣長
624,GPE,甲仙道
9900,GPE,屏東市
23420,GPE,賴隆溪
12246,GPE,桃竹苗
635,GPE,田尾鄉
638,GPE,彰化縣
9865,GPE,蚵仔寮
18153,GPE,北門
10106,GPE,日商
762,GPE,苓雅
350,GPE,苓雅區
4884,GPE,林園區
10921,GPE,高雄愛河
77,GPE,中華民國
10914,GPE,Tigre
80,GPE,台北
24632,GPE,牡丹鄉社區
24631,GPE,高雄市梓官區
10909,GPE,阿根廷
11092,GPE,台南市安南區
11096,GPE,大甲苗圃
72,GPE,台中
5043,GPE,長野
11110,GPE,花蓮縣壽豐鄉共和村
115,GPE,熊本市
5050,GPE,台南地震
119,GPE,日方
11127,GPE,馬賽
4988,GPE,崇德國
133,GPE,熊本縣市
11134,GPE,馬賽市
24492,GPE,前鎮區八里
5008,GPE,高雄城
24638,GPE,鹽埔
10922,GPE,布宜諾斯艾利斯
66,GPE,九州熊本縣
6,GPE,台灣
8,GPE,高雄市
24710,GPE,大岡山
14,GPE,台南
24683,GPE,牡丹鄉
10951,GPE,阿國
24676,GPE,三地門鄉
26,GPE,臺灣
30,GPE,臺北國
34,GPE,高雄
11060,GPE,花蓮
39,GPE,旅德
10932,GPE, 札摩拉
10930,GPE,札摩拉
10926,GPE,老虎城
24641,GPE,鹽埔鄉
51,GPE,熊本
55,GPE,日本
57,GPE,熊本縣
58,GPE,台南市
11080,GPE,厝里
24482,GPE,高鼎
10513,GPE,鳳山新城
5058,GPE,長野縣茅野市
150,GPE,緬甸
10683,GPE,楠梓民
11446,GPE,南韓
11452,GPE,香港
5083,GPE,六龜大佛
11479,GPE,亞灣
24146,GPE,台南市東區
4912,GPE,大樹區
4903,GPE,前金區
11543,GPE,蘆洲
11389,GPE,永安區
11559,GPE,蘆洲區
11568,GPE,台一線岡山
11579,GPE,竹東三里
10609,GPE,馬紹爾群島共和國
11585,GPE,竹西
4892,GPE,路竹區
5150,GPE,銅祭台
11645,GPE,大仁國
334,GPE,鳳山
340,GPE,高雄縣
5138,GPE,高雄市六龜區
11384,GPE,永安
11383,GPE,高雄市永安區
24201,GPE,桂林
157,GPE,越南
5069,GPE,阿部
163,GPE,泰國
10826,GPE,高雄DC
10806,GPE,神戶
198,GPE,高雄左營
10785,GPE,水岸
10784,GPE,橫濱
4947,GPE,台北 市
11352,GPE,北京
11358,GPE,旅高
24343,GPE,高雄 市
11368,GPE,新港社區
10745,GPE,六堆高屏
241,GPE,德國
10724,GPE,南臺灣
271,GPE,高雄市仁武區
11369,GPE,福利
10719,GPE,六堆
24208,GPE,高雄市前金區林投里
10718,GPE,高雄市政府
4964,GPE,左營舊城
17139,GPE,謝水福
764,GPE,亞洲
12387,GPE,杜拜
13435,GPE,中正
13438,GPE,金門縣長
1492,GPE,新港
8548,GPE,中國大陸
8546,GPE,六合夜市
1516,GPE,新北市
1517,GPE,雲林縣長
17321,GPE,樹德
1524,GPE,新北
4553,GPE,茅野市
5584,GPE,澎湖縣
13451,GPE,佳里
22280,GPE,鼓鹽
8463,GPE,高雄市小港區
1546,GPE,台南縣市
8432,GPE,台獨
22214,GPE,三地門
5585,GPE,馬公市
5647,GPE,地扎根
22202,GPE,高雄市區
1535,GPE,北市
13419,GPE,台南市將軍區
13411,GPE,臺北布莊
4559,GPE,長野縣
8809,GPE,國立
18400,GPE,乞龜
1309,GPE,臺北市
13233,GPE,林園鄉
1348,GPE,小港區港
17443,GPE,寶業里
13258,GPE,港埔
13285,GPE,旗津區長
13315,GPE,彌陀
13338,GPE,北高雄
8713,GPE,路竹
8690,GPE,南霸天
8681,GPE,高雄捷運岡山
1413,GPE,中芸
8665,GPE,鼓山區
13367,GPE,大同
8654,GPE,柴山桃源里
13374,GPE,高雄市左營區
1441,GPE,北高
17329,GPE,波特蘭市
8621,GPE,大寮
1560,GPE,屏東縣
13163,GPE,客庄
8325,GPE,投縣
22105,GPE,台日籍
4517,GPE,肯亞
13833,GPE,駐華
13881,GPE,南市
13888,GPE,屏縣
5671,GPE,駁二
13908,GPE,嘉義縣市
1717,GPE,草衙
1727,GPE,小港前鎮
8016,GPE,台灣石化
1679,GPE,中山
21801,GPE,高雄市大樹區
1745,GPE,南高雄
21778,GPE,高雄市大樹區興山里
21777,GPE,興山里
1760,GPE,遷村
1761,GPE,牛寮
5730,GPE,高雄市林園區
7962,GPE,高雄巿
14129,GPE,高雄市縣
14150,GPE,大岡山區
13921,GPE,永安國
8082,GPE,高雄市橋頭區
1666,GPE,仁武區
13769,GPE,衛武
13598,GPE,桃源寶山
22094,GPE,魯凱
17217,GPE,土界
22091,GPE,墨西哥
13667,GPE,高雄路竹區
8207,GPE, 雄市
8202,GPE,高雄旗津
13704,GPE,台灣高雄
13706,GPE,巴林
13716,GPE, 門
13717,GPE,阿曼王國
5667,GPE,高縣
1614,GPE,雲林縣
13728,GPE,巴林王國
1629,GPE, 桃園市
1631,GPE,桃園市
22048,GPE,台東籍
13734,GPE,Al Jazira
5668,GPE,城鄉
17212,GPE,新北市頂埔科學園區
1656,GPE,旗山
17219,GPE,日本大阪
12383,GPE,東京涉谷區
13158,GPE,內埔
18376,GPE,台南 市
23044,GPE,寶玉里
4717,GPE,壽山國中
12774,GPE,台灣省
9302,GPE,青森
9301,GPE,八王子市
5404,GPE,旗山區
12798,GPE,金門
22957,GPE,台灣美
12810,GPE,高雄師大
894,GPE,高市
22953,GPE,濟興長
12816,GPE,澎縣
9261,GPE,汶萊
9259,GPE,嘉義 縣
9256,GPE,基隆市
9255,GPE,台南市蘇
22910,GPE,營舊城
9254,GPE,桃園縣
9252,GPE,新 加坡
9251,GPE,台灣台南
9266,GPE,新竹市
23077,GPE,臺中市東勢區
18287,GPE,紐西蘭
849,GPE,旗津
9583,GPE,全球港灣城市
18214,GPE,十八瓦崗寨
12409,GPE,國定古
12410,GPE,海軍鳳山
12415,GPE,明德
4763,GPE,開成
12452,GPE,鳳山眷村
4761,GPE,菅谷眧
12541,GPE,高雄左營區
9443,GPE,哈瑪星社區
4753,GPE,松本
9418,GPE,行政區
23111,GPE,臺中市豐原區
9409,GPE,三民
811,GPE,高雄亞洲
9402,GPE,南海
4747,GPE,旭町
4739,GPE,屏東縣中正國中
23085,GPE,臺中縣
18250,GPE,鎮東土大
844,GPE,鼓山
1000,GPE,美濃區
1246,GPE,苗栗
1563,GPE,屏東
1015,GPE,美濃
22635,GPE,新竹市政府
22630,GPE,新竹縣
1121,GPE,小港區
12928,GPE,高雄大學區
1130,GPE,紅毛港
9066,GPE,豐原
4692,GPE,六龜
13004,GPE,臺灣區
13026,GPE,高女
1160,GPE,鳳山區
8968,GPE,賴桑
8936,GPE,高雄小港
4685,GPE,高雄市桃源
8919,GPE,龍鳳里
13093,GPE,甲北里
13097,GPE,甲昌
5486,GPE,三民區
1209,GPE,新加坡
13103,GPE,甲南里
8886,GPE,鳳森里
1226,GPE,大林
4696,GPE,壽山
9250,GPE,菲律賓
17479,GPE,左楠區
12891,GPE,文山特區
9248,GPE,高雄市茄萣
9247,GPE,蘇頌
1031,GPE,高雄市議
1037,GPE,林園
1040,GPE,大林浦
1041,GPE,楠梓區
1043,GPE,前鎮
9242,GPE,嘉義市
22762,GPE,燕巢橫山里
5446,GPE,旗山區鄉
9236,GPE,印尼
4700,GPE,台東縣
12864,GPE,東高雄
1063,GPE,德國魯爾
1066,GPE,大林蒲遷村
22708,GPE,阿蓮
22690,GPE,全台
1081,GPE,大林蒲
1089,GPE,紅毛港遷村
12885,GPE,鳳青重
22656,GPE,苗栗縣竹南鎮
9230,GPE,馬來西亞
18140,LAW,中間檢查制度
5022,LAW,觀光暨教 育交流合作備忘錄
16915,LAW,高雄老屋健檢政策
21248,LAW,職業安全衛生法
5029,LAW,立志中學教育交流案
8660,LAW,水土保持法
7997,LAW,高雄市既有工業管線管理自 治條例
2671,LAW,高雄市污水下水道使用管理自治條例
2628,LAW,中央修法
2515,LAW,高雄市污水下水道使用費徵收辦法
2385,LAW,台灣國際扣件展
7336,LAW,台中市產業發展自治條例
20015,LAW,農業天然災害辦法
22401,LAW,港都聯合助學服務方案
1522,LAW,財政收支劃分 法
14922,LAW,台灣民主憲法
1527,LAW,財政收支劃分法
8229,LAW,水污法
7779,LAW,漁會法
1946,LAW,地方制度法
1791,LAW,文資法
2205,LAW,高雄市攤販臨時集中場管理自治條例
10774,LAW,一切形式歧視公約
2748,LAW,憲法
21817,LAW,水利法
16120,LAW,紀念日及節日實施條例
12683,LAW,幼兒教育及照顧法
16116,LAW,國安法
16109,LAW,國家安全法
16096,LAW,中華民國國徽國旗法
16091,LAW,公投法
16084,LAW,不黨產處理條例
16072,LAW,政治檔案法
16068,LAW,政黨法
12795,LAW,健康風險評估計畫
107,LAW,高雄市壽山動物園認養辦法
12300,LOC,岡 山
5268,LOC,南台灣
17515,LOC,河堤公園
12225,LOC,台中地區
9861,LOC,港九街
9789,LOC,平溪線
9847,LOC,典寶溪
17661,LOC,文武路
9820,LOC,江之島
9244,LOC,南亞
12256,LOC,桃竹苗地區
17627,LOC,海邊路
17644,LOC,河東
9830,LOC,高屏澎
17653,LOC,河西路
17537,LOC,園道
9845,LOC,梓官區中正路
17598,LOC,成功路-中山路
12326,LOC,岡山地區
17582,LOC,苓雅 區
5351,LOC,三民區
12666,LOC,高屏溪
12660,LOC,南部地區
17615,LOC,民生路
12769,LOC,鳥松區
12659,LOC,烏山
9393,LOC,東沙島
9398,LOC,東沙
9430,LOC,哈瑪星社區
5380,LOC,旗山太平商場
5333,LOC,澄清湖風景區
9491,LOC,行政區
12444,LOC,鳳山工協新村
9574,LOC,五大洲
17625,LOC,民生路-青年路
17560,LOC,中南美洲
9753,LOC,荖濃溪
9333,LOC,壽昌路
10171,LOC,鼎金後路九十一巷口
11964,LOC,岡 山地區
5129,LOC,六龜區
11505,LOC,大洋
5100,LOC,朝山
11484,LOC,屏東海岸
5084,LOC,彩虹山宗教園區
11465,LOC,台南
11398,LOC,永安區
17854,LOC,馬拉松
17859,LOC,美麗島
11187,LOC,港仔埔濕地社區
11156,LOC,舊港灣區
11149,LOC,地中海
10851,LOC,民族路
17865,LOC,中都濕地
11128,LOC,歐洲
10872,LOC,鼎力路
11103,LOC,黎明喜樂園
17866,LOC,中央公園
11042,LOC,長青學苑
17832,LOC,援中港濕地
11564,LOC,北高雄地區
10610,LOC,哨船頭
10598,LOC,太平洋地區
11911,LOC,林家路
11910,LOC,一六二巷
10144,LOC,大社
10145,LOC,仁武區平原區
17513,LOC,阿公店溪
11827,LOC,台二十七線
11787,LOC,六龜
17756,LOC,北非
5156,LOC,彩虹山
9985,LOC,兩岸
10282,LOC,半屏山
10322,LOC,愛河
10331,LOC,前金
10348,LOC,新興
17783,LOC,臺南地區
10400,LOC,大勇路
10523,LOC,拉庫斯溪
10576,LOC,海洋
5149,LOC,銅祭台
10591,LOC,蘭嶼
10314,LOC,大社區
17504,LOC,後勁地區
16317,LOC,永安
12899,LOC,青年路
15724,LOC,旗山區台二十八線
15434,LOC,寶來地區
15432,LOC,小關山
7320,LOC,毗 鄰地區
7430,LOC,高屏B區
5924,LOC,二仁溪
14755,LOC,阿曼地區
14606,LOC,美濃中正湖環湖
5845,LOC,中山路
14584,LOC,高雄客家文化園區
14569,LOC,新客家文化園區
14556,LOC,甲仙區
14525,LOC,五甲地區
14450,LOC,非前金區
14448,LOC,高雄市前金區
14412,LOC,美濃中正湖
14409,LOC,旗山老街
14395,LOC,美濃山
17068,LOC,鳳山體育園區
6833,LOC,前金區
17105,LOC,五塊厝
15728,LOC,旗山區
6802,LOC,新興區
6229,LOC,新北福營
16586,LOC,立志街
6255,LOC,雙園
16588,LOC,鳳山兵仔
6342,LOC,旗山
16589,LOC,曹公圳
6376,LOC,燕巢區
6463,LOC,仁武地區
15926,LOC,前鎮區
15878,LOC,大洲
15811,LOC,屏東林區
15805,LOC,高屏地區
6678,LOC,新北秀峰
15801,LOC,台灣杉
6017,LOC,蓮潭
5999,LOC,環潭
16768,LOC,馬頭山
5991,LOC,蓮池潭
6786,LOC,北市雙園
6819,LOC,鹽埕區
12830,LOC,澎 湖
7856,LOC,大莊路
7945,LOC,後勁溪
8755,LOC,三民區民族社區
5529,LOC,新 灣區
5522,LOC,高雄軟體科技園區
8792,LOC,中正高中
13236,LOC,大埕
8798,LOC,南臺灣水域
8808,LOC,中山
16487,LOC,閩南
8859,LOC,洲際
5498,LOC,經貿園區
5492,LOC,八德西路
13099,LOC,甲昌路
5484,LOC,仁雄路
13082,LOC,高雄市楠梓區藍昌路
9043,LOC,焦山
12940,LOC,東臨後勁溪
5480,LOC,仁武區
12907,LOC,海科大東側區
12903,LOC,鳳青重劃區
8671,LOC,農十六特區
14249,LOC,哈瑪星鐵路文化園區
8655,LOC,柴山桃源里地區
8648,LOC, 萬壽山
17169,LOC,河南路
17183,LOC,五福路
17188,LOC,左營區
17193,LOC,河東路
13898,LOC,在地
17199,LOC,八德 路
13890,LOC,玉山
13805,LOC,苓雅區
13760,LOC,三多路
8106,LOC,林北路口
13722,LOC,中東
13589,LOC,桃源寶山
13576,LOC,金獅湖
17295,LOC,橋頭
17304,LOC,橋新七路
8367,LOC,北市北投
5570,LOC,鳳山地區
13408,LOC,台南市區
8645,LOC,柴山
5559,LOC,鳳山西站
17448,LOC,寶珠溝
17637,LOC,五福三路
771,LOC,新灣區
1149,LOC,臨海二路
2338,LOC,高雄柴山
22179,LOC,鼓南街
23381,LOC,南鼓山老人活動中心
23947,LOC,輔仁路
23413,LOC,高雄區農改場
634,LOC,彰南地區
2332,LOC,柴半山
1162,LOC,左營區菁華區
3754,LOC,中正路
3758,LOC,三路
19299,LOC,台南震災區
1196,LOC,東南亞
3768,LOC,大順一路
1200,LOC,亞太
22168,LOC,鳳山曹公圳
2168,LOC,一德路
1145,LOC,濱海二路
23282,LOC,觀音山風景區
1138,LOC,濱海一路
23828,LOC,原山
18345,LOC,社教館園區
4679,LOC,桃源區
23941,LOC,左營區自由路
23943,LOC,重信路
4666,LOC,旗津鼓山
22081,LOC,茂林幽谷
23238,LOC,中興社區
24188,LOC,大智路四十九號二樓
23245,LOC,三鳳中街
22088,LOC,萬山
2351,LOC,南洋
677,LOC,亞洲
19442,LOC,鳳山
18969,LOC,光華三路
1218,LOC,鳳鼻頭地區
1373,LOC,中芸地區
22500,LOC,０北路
4401,LOC,金獅湖風景區
1243,LOC,金山銀山
18657,LOC,金三角
3999,LOC,西岸
18658,LOC,高雄岡山
4411,LOC,金獅湖風景區園區
18737,LOC,愛河蓮池潭
4440,LOC,壽山
2186,LOC,復興路
2176,LOC,民權路
21125,LOC,歐陸
21098,LOC,那瑪夏區
23974,LOC,茄萣區
21095,LOC,高雄東北角
1338,LOC,澄清湖
1230,LOC,高雄市小港區海線
4497,LOC,寶來
1478,LOC,舊港
23789,LOC,北迪化
23955,LOC,鹽埕區大仁路
22289,LOC,前金新興
23798,LOC,南中街
19239,LOC,茂林
19219,LOC,駁二藝術特區
22299,LOC,左楠區
22381,LOC,西歐
1344,LOC,仁大工業區
19192,LOC,湛藍大海
19186,LOC,金沙
22385,LOC,齊聚河
19140,LOC,港都海洋水岸
4506,LOC,寶來國中
19133,LOC,龍頭山遊憩區
19112,LOC,波斯菊花海
18617,LOC,紅三路
1497,LOC,鳳鼻頭聚落
24223,LOC,金獅湖蝴蝶園
24218,LOC,亞 洲
23927,LOC,旗山溪
18068,LOC,釣魚台
2681,LOC,一心路
18112,LOC,高市左營區眷村
843,LOC,西子灣
837,LOC,鼓山輪渡站
23899,LOC,圓潭
834,LOC,哈瑪星地區
20183,LOC,武當山
817,LOC,高雄港灣
22937,LOC,池潭
23900,LOC,旗山溪洲
3135,LOC,南 萣橋
4831,LOC,地球
18858,LOC,鳳山溪
21747,LOC,內門
4318,LOC,澄清湖三亭
1786,LOC,九如陸橋
18028,LOC,旗津地區
20379,LOC,廿七區
5007,LOC,順遊壽山
20358,LOC,十三區
4971,LOC,田寮月世界
17912,LOC,天文宮
20353,LOC,美濃區
20350,LOC,橋頭區
20369,LOC,杉林區四區
21049,LOC,南橫
23878,LOC,肥後國
20377,LOC,新興 區
38,LOC,嘉義 文化園區
860,LOC,哈瑪星
2858,LOC,侏儒河
2691,LOC,內湖
2867,LOC,壽山動物園
858,LOC,鼓山
22490,LOC,三民市場站
3140,LOC,南萣橋
22013,LOC,高雄橋
22044,LOC,太平溪
775,LOC,成功路
23916,LOC,旗尾山
24372,LOC,四維二路
773,LOC,高雄港
2409,LOC,新園農場園區
1123,LOC,鳳鼻頭
23925,LOC,阿蘇山
766,LOC,亞洲新灣區
754,LOC,海峽兩岸區
22069,LOC,縱谷風景區
741,LOC,歐美
24312,LOC,新光路
23213,LOC,苓雅路
20364,LOC,湖內區
18190,LOC,小港區
22041,LOC,東海岸
20585,LOC,高雄澄清湖
23169,LOC,鈴鹿賽道樂園
2481,LOC,台灣區域
19776,LOC,文衡殿
22021,LOC,跨港水岸
23901,LOC,火山口
24431,LOC,西南隅
18199,LOC,紅毛港
22030,LOC,建國橋
22028,LOC,中都橋
3289,LOC,高雄壽山動物園
20565,LOC,屏 東
24426,LOC,大順路
18243,LOC,高雄永安海線
24425,LOC,大順
18257,LOC,永安海線
23160,LOC,南台 灣
4442,LOC,台澎地區
4263,NORP,大林蒲
16513,NORP,客家
6034,NORP,臺灣
16525,NORP,撒奇萊雅族
3545,NORP,南台灣
16504,NORP,卡 那卡那富族
20336,NORP,華民
2826,NORP,謝人
20247,NORP,拜道教
927,NORP,高雄市
19968,NORP,高市
19859,NORP,台南
15874,NORP,中東
9486,NORP,美濃
12401,NORP,回教
23181,NORP,亞洲人
6459,NORP,仁武老人
20774,NORP,韓國人
728,NORP,中資
720,NORP,中國
16508,NORP,賽德克族
718,NORP,台商
9036,NORP,道祖
23385,NORP,蘇文財
1205,NORP,高雄
3802,NORP,台灣人
3823,NORP,美國人
578,NORP,道教
23540,NORP,議長夫人
6205,NORP,美姍
8853,NORP,小港
23599,NORP,基督徒
16429,NORP,魯凱族
4098,NORP,綠營
16474,NORP,卡那卡那富族
16480,NORP,拉阿魯哇族
717,NORP,陸商
14741,NORP,阿拉伯人
10190,NORP,法式
14503,NORP,中醫
13815,NORP,印尼
18189,NORP,荷蘭人
14527,NORP,中國人
7629,NORP,漢族
14519,NORP,華人
4499,NORP,Maigua
10572,NORP,查莫洛族
273,NORP,仁武
10583,NORP,蘭嶼達悟族
7646,NORP,布農
10601,NORP,關島
7944,NORP,進香團
17294,NORP,華僑
4530,NORP,Tarus
18217,NORP,高雄永安
13545,NORP,平埔
1808,NORP,北門人
10738,NORP,六堆
22079,NORP,台日籍
22082,NORP,日籍
5449,NORP,旗山籍
13707,NORP,阿拉伯
18974,NORP,新住民
7617,NORP,布農族
13602,NORP,拉阿魯哇人
17340,NORP,中華
4563,NORP,茅野
7918,NORP,台西
1814,NORP,澎湖人
13553,NORP,平埔人
203,NORP,高雄人
11335,NORP,陸客
21936,NORP,旗山人
251,NORP,日商
64,NORP,日本人
16959,NORP,甲仙
5834,NORP,陸資
24544,NORP,後勁
4383,NORP,美商
79,NORP,台灣
5155,NORP,財團法人
21784,NORP,興山
16965,NORP,甲仙人
49,NORP,日本
21800,NORP,順益
11730,NORP,僑胞
11670,NORP,韓國
21074,NORP,肯亞籍
1459,NORP,正港鐵人
11008,NORP,文昌
17830,NORP,海口人
12924,ORG,文山高
23021,ORG,三民二警分局
21886,ORG,北高雄家扶 中心
13725,ORG,泰國大
22050,ORG,警察局長
12909,ORG,台糖量販店
22636,ORG,全國教育局
12904,ORG,國中
13889,ORG,高市土木技師
22643,ORG,宜蘭特殊教育學校
13726,ORG,家樂福超市
12776,ORG,經濟部工業局
22956,ORG,濟興長青基金會
12929,ORG,高雄大學
21883,ORG,北高雄家扶中心
12951,ORG,國軍部隊
22074,ORG,花東基金
22577,ORG,柔道委員會
22578,ORG,高雄左營舊城慢跑協會
12948,ORG,八軍
13896,ORG,高市永安快樂Ａ
12944,ORG,彌陀區漁會
13895,ORG,高雄市體育會槌球委員會
22068,ORG,東基金
13894,ORG,正德
12942,ORG,左營區海軍陸戰隊指揮部
13720,ORG,論壇報
13721,ORG,巴林DT News
12935,ORG,正修科技大學
22056,ORG,南迴
22627,ORG,青年署
13765,ORG,衛武營藝術中心
23020,ORG,三民警二分局
21925,ORG,旗山天后宮
13879,ORG,高雄市永青
22811,ORG,市府農業局
22812,ORG,農糧署
21965,ORG,中常會黨團
22831,ORG,美濃區公所
21964,ORG,中華民國工業區廠商聯合總會
22785,ORG,聯合發
22868,ORG,愛樂基金會
22874,ORG,彌陀區公所
22930,ORG,英國領事館
21954,ORG,立院黨團
22940,ORG,青基金會
22945,ORG,長青綜合服務中心
22947,ORG,濟興護老慈善會
22950,ORG,高雄市美容職業工會
22869,ORG,高雄市電影館
22645,ORG,教育部國教署
23014,ORG,康議長
13883,ORG,彰化三春國小
22651,ORG,劍潭國小
12801,ORG,高師大
13776,ORG,高雄市協會
22661,ORG,苗栗縣教育
12881,ORG,楠梓高中
21904,ORG,旗山農工園藝科
22723,ORG,海軍陸戰隊指揮部
22768,ORG,陽旻企業
22726,ORG,陸軍第八軍團指揮部
13887,ORG,高雄市政 府教育局
12823,ORG,澎湖縣府
22758,ORG,私立慈聯社會福利基金會
22766,ORG,南六公司
12818,ORG,教育處
13788,ORG,新住民中心
12781,ORG,工業局南區工業區管理處
22747,ORG,工務局建管處
13365,ORG,衛生福利部
22571,ORG,愛心手足慈善會
13703,ORG,超市集團
13395,ORG, 山醫院
22518,ORG,清水巖
22410,ORG,海事科技創新研發聯盟
22408,ORG,智崴資訊公司
13231,ORG,義大職棒球團部
22521,ORG,雄獅慢跑協會
22522,ORG,長青慢跑協會
13214,ORG,高雄市環保局長
13423,ORG,萬美布廠
13384,ORG,特約牙醫醫療院所
22529,ORG,光華慢跑協會
13431,ORG,吳響峻布莊
13193,ORG,ICLEI
22533,ORG,阿公店長跑協會
13167,ORG,政府客家事務委員會
22535,ORG,台灣中油高雄煉油廠
22536,ORG,百信建材慢跑 社
22537,ORG,農友 慢跑協會
13432,ORG,將軍區玉天宮
13145,ORG,高市府都發局長
13208,ORG,　ICLEI東亞地區高雄環境永續發展能力訓練中心
22400,ORG,中華隊
22514,ORG,高市府 交通局
13377,ORG,政府衛生局特約牙醫醫療院所
22447,ORG,第七河川局
22444,ORG,南水局
22448,ORG,農田水利會
22452,ORG,中央氣象局
13360,ORG,區公所
22436,ORG,海洋委員會
22457,ORG,高屏溪流域管理委員會
13369,ORG,政府衛生局
22431,ORG,正德海運
22412,ORG,科技大學海洋工程學院
22461,ORG,縣市政府
22476,ORG,南區水資源局
22477,ORG,高屏溪流域管 理委員會
22425,ORG,動力安全資訊公司
13299,ORG, 通局
13287,ORG,高 雄市輪船公司
22424,ORG,海洋
22494,ORG,０南
22422,ORG,正德海運集團
22418,ORG,高雄海科大
13357,ORG,鳳山醫院
12953,ORG,役政署
13139,ORG,高雄競選總部
13444,ORG,福建省政協
22201,ORG,高雄市交通警察大隊
22562,ORG,車委員會
22567,ORG,高雄大發扶輪社
22568,ORG,港友慢跑協會
13023,ORG,高雄市體育會田徑委員會
13014,ORG,全國田徑協會
22175,ORG,御典茶行
22099,ORG,德川旅行社
22569,ORG,鳳山慢跑 協會
22205,ORG,高市交通大 隊
12986,ORG,南部中學
13624,ORG,高雄市政府新聞局
12969,ORG,高市兵役
13654,ORG,市府警察局
22092,ORG,米其林
13659,ORG,路竹區公所
13669,ORG,第三區養護工程處
12957,ORG,高市府局處
13670,ORG,高市府警察局
13676,ORG,高雄市交通局
12981,ORG,港都盃全國中
22545,ORG,澄清湖友緣慢跑協會
13033,ORG,農業局蔡復進局長
22206,ORG,高雄市政府消保室
13450,ORG,東億毛衣廠
13136,ORG,中央部會
13133,ORG,高市 府
13117,ORG,高雄市府團隊
13480,ORG,高市府觀光局長
13497,ORG,LINE STORE
13108,ORG,營建署下水道工程處
13503,ORG,岡山醫院
22261,ORG,民黨
13034,ORG,高雄市庇護工場
22548,ORG,中鋼慢跑社
13536,ORG,國稅局
22246,ORG,高分院
13084,ORG,高 雄市水利局
22550,ORG,蚵仔寮北極殿
13552,ORG,高雄在地出版社
22556,ORG,愛跑俱樂部
13565,ORG,春暉出版社
13068,ORG,高雄市藝文團體理事長協會
22207,ORG,高雄高 分院
13095,ORG,下水道工程處
23024,ORG,分局長
17896,ORG,警察局
23061,ORG,北市府環保局
24049,ORG,國 會
11650,ORG,青少棒隊
24069,ORG,德國聯邦法院
24080,ORG,谷樹建設
11635,ORG,職棒隊
11615,ORG,斗山熊二軍
11614,ORG,金潭國小
11611,ORG,少棒隊
24085,ORG,高雄市人道懷協會
11609,ORG,樂原企業社
11591,ORG,交通部公路總 局
24086,ORG,覺民所
24088,ORG,澄光舞蹈社
11589,ORG,交通部公路總局
24100,ORG,台南市調處
24105,ORG,食藥署南區管理中心
24107,ORG,大魯閣新時代購物中心
24117,ORG,調查局台南市調查處
24118,ORG,台中辦公室
24119,ORG,復興分公司
24120,ORG,精彩饗宴股份有限公司
24127,ORG,台中復興店
11557,ORG,公共托育
24132,ORG,台中分店
11531,ORG,托老中心
11517,ORG,台灣造船公會
24137,ORG,鮮洋公司
24031,ORG,文湖線
24138,ORG,仁武物流中心
23992,ORG,台灣遊艇工業同業公會
11651,ORG,金國中青少棒隊
23843,ORG,恩光
23857,ORG,岡山長老
23858,ORG,協和
23861,ORG,新城
23862,ORG,高雄市議員陳政聞服務處
23866,ORG,世豐螺絲公司
23869,ORG,世豐
11776,ORG,總 務處
23872,ORG,信義會
11752,ORG,公 路總局
23874,ORG,循理會
23894,ORG,山鹿市議會
23905,ORG,旗山 公所
11745,ORG,高雄市樹德家商樂舞旗隊
23939,ORG,詮營公司
11734,ORG,樹德家商樂舞旗隊
23954,ORG,歐特儀公司
11716,ORG,中青少棒隊
23958,ORG,亭停車事業公司
23969,ORG,高雄高等政法院
23972,ORG,市政府工務局
11707,ORG,斗山
11691,ORG, 金國中
11687,ORG,金潭國小少棒隊
11676,ORG,高雄市教育局五科
23979,ORG,法院
23987,ORG,中華民國對外貿協會
23991,ORG,經濟部國貿局
24151,ORG,高市衛生局
24153,ORG,上閤屋
24162,ORG,台中市衛生局
11177,ORG,林園石化事業部
11174,ORG,文化業務
24445,ORG,國際貿易局
24459,ORG,高雄遊艇製造廠
11146,ORG,中海
11138,ORG,觀光業務
24468,ORG,ShowBoats INTERNATIONAL
24494,ORG,立法委
24503,ORG,新興
24526,ORG,高廠
24532,ORG,後勁社福基金會
11125,ORG,市議 會
24536,ORG,半屏山儲運站
24537,ORG,高雄總廠
24561,ORG,中油高廠
24562,ORG,高雄煉油總廠
24599,ORG,路竹國會
24635,ORG,鹽埔鄉媒合財團法人慧光圓通普賢文教基金會
24640,ORG,高雄市劦助慈善會
24644,ORG,慧光慈善功德會
24655,ORG,屏東縣致府
24657,ORG,社會處
24682,ORG,圓通法師
24685,ORG,財團法人慧光圓通普賢文教基金會
24727,ORG,路竹地區民進黨
11027,ORG,長青中心
11017,ORG,書院
11181,ORG,里聯會
11241,ORG,台灣國際造船公司
11245,ORG,造船公會
11263,ORG,中信造船
11449,ORG,交通部觀光局
24168,ORG,鮮洋食品公司
24173,ORG,鮮陽食品股份有限公司
11441,ORG,旅館商業同業公會
11436,ORG,市政府觀光局
11420,ORG,高雄市觀光協會
11399,ORG,深耕永續發展協會
24182,ORG,台南市衛生局
24187,ORG,南中廚
11392,ORG,中油永安廠
11387,ORG, 台電興達發電廠
24193,ORG,國立高雄科學工藝館
24195,ORG,大統百貨公司
23840,ORG,岡山活泉
11374,ORG,新港社區發展協會
24232,ORG,金獅湖蝴蝶園
24249,ORG,行政院農業委會
24326,ORG,捷運局長
24345,ORG,經濟部國營會
11364,ORG,市府觀光局
24351,ORG,台北總公司
24354,ORG,中油工會
24361,ORG,中油總部
11311,ORG,智崴資訊科技公司
24390,ORG,長青學苑
11305,ORG,智崴資訊科技
11281,ORG,高雄智崴資訊科技公司
11275,ORG,慶富造船
24205,ORG,高雄市政府中庭
23835,ORG,陳政聞
23830,ORG, 福音堂
11882,ORG,富億木材有限公司
12506,ORG,台灣體育總會
12496,ORG,台灣體育總會桌球協會
12486,ORG,全國縣市體育聯合總會
12474,ORG,體育署
23141,ORG,青年部
12458,ORG,政府文化局
12457,ORG,國軍組織
12435,ORG,國定古蹟主管機關
12419,ORG,高市文化局
23173,ORG,草衙道購物中心
23179,ORG,大魯閣草衙道購物中心
12407,ORG,高雄市農 會
12392,ORG,福記冷凍食品
12390,ORG,一鳴生技
23180,ORG,大魯閣纖維轉投資子公司
12389,ORG,Twitter
13901,ORG,高市 大順
12385,ORG,允偉實業
23182,ORG,大魯閣草衙道購物 中心
23199,ORG,大魯閣集團
12369,ORG,Facebook
12365,ORG,Ｈａｌａｌ
23221,ORG,高雄市政府公車處
12353,ORG,公共
12352,ORG,青山茶葉
12340,ORG,漁業同業公會
12338,ORG,市政府海洋局
12518,ORG,五甲國小
12526,ORG,高雄國稅局
23140,ORG,臺聯議會黨團
12544,ORG,民生犯罪專組
12743,ORG,六龜學校
12742,ORG,台北市立大學
12732,ORG,科大
12710,ORG,市府會
12689,ORG,高雄市公立托兒所
12687,ORG,托兒所
12682,ORG,高雄市幼托園所
12680,ORG,高市公立幼兒園
12663,ORG,台水公司
23080,ORG,政院
23084,ORG,高應大精密機械博士班工管組
23087,ORG,青輔會
12656,ORG,境保護署
12316,ORG,岡山魚市場股份有限公司
12653,ORG,台水
23108,ORG,行政院南部服務中心
12607,ORG,高雄市政府原民會
23110,ORG,國家安全會議
12561,ORG,高市府衛生局
23118,ORG,美國奧克拉荷馬州立大學
12557,ORG,新北市營業處
23121,ORG,總統大選
12553,ORG,南區管理中心
12550,ORG,高雄某光Ｘ生物科技公司
23129,ORG,馬拉松立委
23139,ORG,中執委
12549,ORG,高雄公司
12547,ORG,高雄市政府衛生 局
12610,ORG,原住民學生獎學金
23029,ORG,高雄市警察局三民二分局
12315,ORG,養殖 發展協會
23281,ORG,大社
23557,ORG,五正明建設公司
23558,ORG,世界華人工商婦女企管協會
23560,ORG,翔寶公司
12010,ORG,市府道安團隊
11999,ORG,技師公會
11994,ORG,工務局建築管理處
23569,ORG,高市建築
23595,ORG,政院長
23598,ORG,城市早禱會
11967,ORG,阿蓮區蔬菜產銷班
23695,ORG,　新科
23703,ORG,劉世芳眷村後援會
11950,ORG,高雄縣政府農業局
23713,ORG,高 市府
23719,ORG,眷村文化發展協會
11936,ORG,高雄市政 府農業局
23769,ORG,百工百業後援會
11912,ORG,富億建材有限公司
23774,ORG,高雄海
23784,ORG,梓官區漁會
11896,ORG,林園區公所
11895,ORG,富億公司
23810,ORG,聯合會
23819,ORG,高雄市社福慈善團體聯合會
23826,ORG,聖道堂
11889,ORG,LVL
23827,ORG,世豐螺絲
12034,ORG,交通局長
23545,ORG,國際獅子會
23532,ORG,一心獅子會
23528,ORG,東大特訓班
23285,ORG,保社里
12287,ORG,高雄 市學校
12279,ORG,高雄市教育產業工會
23292,ORG,大社區公所
23306,ORG,大八餐飲集團
23323,ORG,鼎山店
12270,ORG,高雄市國際觀光大飯店
12267,ORG,高雄國賓大飯店
23377,ORG,台灣美容職業工業聯合總會
23378,ORG,高市鼓山區公所
23379,ORG,高雄市長青綜合服務中心
12250,ORG,遠雄集團
23416,ORG,高雄市棗農
23267,ORG,高雄市政府經濟發展局
12248,ORG,麗尊酒店
23422,ORG,中華民國排球協會
12221,ORG,高雄福華
12208,ORG,高雄市大飯店
12193,ORG,國際觀光大飯店
23443,ORG,二○二隊
23452,ORG,博斯體 育台MOD
12167,ORG,嘉義縣政府
23453,ORG,全國排球協會
12160,ORG,日華懇談會
12151,ORG,日華議員懇談會
12122,ORG,太平洋夥伴協定（TPP）
23460,ORG,排球委會
23483,ORG,國民黨立委
12235,ORG,義聯集團
13905,ORG,高市仁武
14374,ORG,高雄市二二 八關懷協會
13911,ORG,高市電腦Ａ
16527,ORG,中華藝校
19052,ORG,全家便利商店
16500,ORG,高雄市國中
19054,ORG,瑞儀光電 
16489,ORG,西拉雅兒童合唱團
19056,ORG,英 德工業
16484,ORG,南管隊
19058,ORG,欣興電子
19060,ORG,高雄市政府勞工局
19064,ORG,鉅明公司
19066,ORG,御德國際
19069,ORG,采興業
19075,ORG,翔榛興業
19078,ORG,台灣互動電視公司
19081,ORG,千葉餐飲
19083,ORG,碳佐麻里
19086,ORG,正興活塞
19090,ORG,佳木企業
19093,ORG,義大皇家酒店
19096,ORG,承源興業
19104,ORG,聯鐵企業
19107,ORG,天聲工業
19111,ORG,MLD台鋁
16373,ORG,永安區公所
16368,ORG,永安區信仰中心
16314,ORG,天文宮
16277,ORG,國民黨議會黨團
16274,ORG,新任黨團
16253,ORG,日喬遷美術館
19051,ORG,漢程客運
19048,ORG,台灣典範
19045,ORG,訓就中心
19044,ORG,益菱工業
16824,ORG,工學院長
16819,ORG,吉他社
16818,ORG,正修校友會
16806,ORG,正修科技大學校友會
16803,ORG,校友會
18768,ORG,屏東縣麟洛國小
18787,ORG,C-BIKE
18862,ORG,阿蓮農會
18863,ORG,高雄區農業改良場
18864,ORG,農糧署南區分署
18868,ORG,農會
18905,ORG,中山國小新校區
16765,ORG,富駿公司
16763,ORG,高雄地檢署
19248,ORG,高雄糖廠
16756,ORG,IPHONE
18976,ORG,移民署
16702,ORG,全國競選總部
18978,ORG,新住民 家庭服務中心
18987,ORG,　外交部南部辦事處
16665,ORG,鴻海
19005,ORG,中華航空
16662,ORG,新北市政府
19020,ORG,高雄翰品酒店
19022,ORG,大統集團
19029,ORG,高雄嘉年華
19037,ORG,高雄嘉年華 ＡＰＰ
19041,ORG,統一速達
19042,ORG,金茂企業
16575,ORG,鳳山分局
16733,ORG,許傳盛局長
16832,ORG,高應大土木工程學系
16240,ORG,工務局長
19249,ORG,高雄市觀光騎警隊
16064,ORG,轉型正義工作小組
19464,ORG,A PP
19469,ORG,漢神超集點卡
19527,ORG,高雄市消防局
19528,ORG,ICU
16052,ORG,家扶中心
16050,ORG,岡山展愛隊
19531,ORG,文資建物
19553,ORG,聯合醫院
19579,ORG,台聚
16036,ORG,鳳山展愛隊
16021,ORG,安環品管組
16020,ORG,中油興建工處
19584,ORG,瓦斯
19588,ORG,李長榮化工大社廠
19591,ORG,國喬化工
16008,ORG,市府勞工局
19592,ORG,高雄石化
19607,ORG,高雄市政府災變中心
16003,ORG,高雄市政府勞 工局
19646,ORG,台南市對應局處
16002,ORG,興工處
19664,ORG,旗山醫院
19685,ORG,大同醫院
15988,ORG,市府養護工程處
15960,ORG,台東玄武堂
19686,ORG,岡山秀傳醫院
15943,ORG,高雄市慈善團體聯合總會
15937,ORG,鳳西國中
19457,ORG,漢神
19453,ORG,漢砷
19447,ORG,高雄嘉年華APP
16074,ORG,高雄中學
19263,ORG,台灣大學
16176,ORG,正興
19269,ORG, 橋頭糖廠
16175,ORG,Gaby Taplick
16169,ORG,科技大學航運管理系
16166,ORG,東南汽車
16164,ORG,中山大學行政
16160,ORG,港都汽車客運
19325,ORG,奇美醫院
19347,ORG,新化分院
19349,ORG,台南市殯葬管理所
16155,ORG,浩通國際
16149,ORG,高 雄市政府交通局
19363,ORG,賑災基金會
16226,ORG,書記長
16145,ORG,義大汽車客運
16141,ORG,高雄市政府捷運工程局
19368,ORG,衛福部長
16137,ORG,高雄捷運股 公司
19396,ORG,零二零六震災中央災害指揮中心
19403,ORG,中央住宅基金
19406,ORG,台灣省土木技師公會
19426,ORG,第五二岸巡大隊
19427,ORG,文安安檢所
19428,ORG,永新安檢所
19429,ORG,區巡防局
16089,ORG,同黨
16077,ORG,雄中
19440,ORG,漢神超集卡
16076,ORG,自由 時代週刊
16143,ORG,中山大學區域運輸發展研究中心
18755,ORG,屏東縣文化
16841,ORG,大地技師公會
18753,ORG,豐田國小合唱團
17623,ORG,三信家商樂旗隊
17617,ORG,高雄市警新興分局
17613,ORG,天使鼓笛樂隊
17604,ORG,中正預校樂旗隊
18276,ORG,台南維冠大樓
17592,ORG,信徹蓮慈功德會鼓 樂團
17591,ORG,海軍官校樂旗隊
18289,ORG,台南縣政府建管課
18300,ORG,台南維冠金龍大樓
18306,ORG,台灣中油公司
18310,ORG,環境保護署
17547,ORG,六河局
17545,ORG,高市府工務 局
18311,ORG,台灣中油公司煉製事業部大林煉油廠
18315,ORG,中油大林煉油廠
18317,ORG,政院環保署
18319,ORG,高雄市社會教育館
17508,ORG,岡山區公所
17506,ORG,張豐藤議員服務處
18327,ORG,大林煉油廠
18335,ORG,高雄市社教館
17501,ORG,楠梓區公所
17499,ORG,秋香餅店
17495,ORG,林瑩蓉議員服務處
17486,ORG,黃石龍議員服務處
17484,ORG,永記造 漆工業股份有限公司
17480,ORG,後勁廟產管理委員會
18342,ORG,行政院環保署
17478,ORG,財團法人勵馨社會福利事業基金會
17624,ORG,樹德家商樂旗隊
18208,ORG,CHING YI 青衣
17632,ORG,陸戰隊樂旗隊
10997,ORG,鳳儀書院
17900,ORG,市 府
17941,ORG,高 雄
17965,ORG,聯誼會
17966,ORG,中執會
17979,ORG,黨內規章研修小組
17981,ORG,高雄市黨部
17983,ORG,新系
17985,ORG,蘇系
17986,ORG,謝系
17994,ORG,台北市石牌國中
17807,ORG,北高動物園
17996,ORG,全台縣市黨部
17998,ORG,游系
18052,ORG,高市府建管處
18353,ORG,主計總處
17771,ORG,震災重建協調小組
18113,ORG,國防部政治作戰局
18114,ORG,明德建業眷村文化發展協會
18115,ORG,高雄市國軍眷村發展協會
18119,ORG,嘉義大學森林系
17723,ORG,台北市立動物園
17712,ORG,旗津區戶政事務所
18137,ORG,高市府農業局
17685,ORG,海軍陸戰隊樂儀隊
17683,ORG,中正 預校軍樂隊
17677,ORG,三信家商
18192,ORG,高雄市金煙囪文化協進會
18195,ORG,NASYY 南西樂團
17642,ORG,陸軍官校軍樂隊
17640,ORG,楚殷舞團
17761,ORG,科技部
18356,ORG,○二○六震災重建協調小組
18392,ORG,高雄市苓雅區公所
18420,ORG,聯合服務中心
18501,ORG, 山區公所
18579,ORG,高市府社會局
17191,ORG,高雄市警
18580,ORG,國小
17175,ORG,新興分局
17155,ORG,市府民政局
18624,ORG,蚵仔寮漁港
17113,ORG,曙國民學校
17109,ORG,五權國小
17088,ORG,新工處
18662,ORG,蚵仔寮漁港觀光魚市
17065,ORG,台大哲學系
17061,ORG,台北市青工會
17046,ORG,OPEN KMT
18492,ORG,燕巢區公所
17037,ORG,國民黨中生代聯盟
17026,ORG,新黨
17010,ORG,五六七聯盟
16983,ORG,南方智庫基金
18665,ORG,魚貨直銷中心
16982,ORG,放聯盟
16963,ORG,高市民政局
16942,ORG,高雄市民政局
16904,ORG,高市工務局
16895,ORG,建築師公會
16882,ORG,建管
16869,ORG,高雄建築師公會
18752,ORG,客務處
16852,ORG,建管處長
16842,ORG,高雄不動產開 發公會
17028,ORG,國民黨高雄市黨 部
15932,ORG,高雄市實物銀行
18491,ORG,鳳山區第二戶政事 務所
18487,ORG,田寮區公所
18421,ORG,路竹區公 所
18425,ORG,金區公所
17431,ORG,世運籌委會
18428,ORG,三民區公所
18434,ORG,苓雅區公所
17383,ORG,高中組
18442,ORG,三民區第 二戶政事務所
18447,ORG,高市府民政局
18448,ORG,鎮區公所
17342,ORG,樹德家商
17341,ORG,美國波特蘭市姐妹會
17338,ORG,文化藝術活動團隊
18450,ORG,旗山區公所
17333,ORG,皇家玫瑰協會
18489,ORG,旗津區公所
18455,ORG,鳳山區公所
18458,ORG,甲仙區公所
18460,ORG,內門區公所
17316,ORG,十三隊
17314,ORG,青少棒
18465,ORG,鳥松區公所
18467,ORG,茄萣區公所
17299,ORG,青棒
18476,ORG,小港區公所
17280,ORG,樂天巨人隊
17262,ORG,國慶旅行社
17259,ORG,大學棒球隊
18482,ORG,管理處
18484,ORG,大寮區公所
18486,ORG,左營區公所
17324,ORG,波特蘭姐妹市協會
15930,ORG,幸福分享中心
19689,ORG,留院
15917,ORG,雄院
21009,ORG,高市府相關局處
14743,ORG,阿曼王國台北經濟文化辦事處
21059,ORG,十七隊啦啦隊
14703,ORG,哈瑪星
14683,ORG,瑞穗銀行
14672,ORG,台北分行
14651,ORG,高市經發局
14645,ORG,中鋼
14610,ORG,中央客家委員會
21075,ORG,老鷹全馬組
14603,ORG,高雄市分會
14585,ORG,客家文化事務基金會
21083,ORG,高雄市民生活球隊
14583,ORG,高雄市客家文化事務基金會
21094,ORG,義大犀牛隊
14550,ORG,中醫師公會
14544,ORG,五甲農會
21129,ORG,民進黨中常會
14532,ORG,中華書道學會
14529,ORG,台灣書法學會
21162,ORG,科技大學
14511,ORG,義守大學
21171,ORG,高雄應用科 技大學
14491,ORG,高雄市 政府交通局
21173,ORG,科技大學文化創意系
14485,ORG,市府社會局
14468,ORG,中央公園
21176,ORG,高雄市政府婦權會
21189,ORG,黨內
14758,ORG,台北經濟文化辦事處
14760,ORG,家樂福
14769,ORG,阿曼王國外交部
14770,ORG,阿曼王國國會統計資訊處
15048,ORG,弘驛營造有限公
15042,ORG,全億交通器材有限公司
15041,ORG,桂田酒店
15035,ORG,金穗豐食品有限公司
20882,ORG,左營義工補路隊
15031,ORG,中華道教
15024,ORG,美得心科技有限公司
20886,ORG,日本立命館宇治高等學校
20900,ORG,日本立命館宇治 高等學校
15015,ORG,金祥鎰漁業股份有限公司
15013,ORG,北港朝天宮
15008,ORG,慈瑤慈惠堂
20949,ORG,衛武營藝文中心
20952,ORG,輔英團隊
21208,ORG,消防局
20965,ORG,輔英科大
14984,ORG,鳥松武聖堂
14982,ORG,慈惠堂
20968,ORG,中原大學
14974,ORG,巿紫晴前世今生咨詢有限公司
20982,ORG,元智
14954,ORG,台灣時報
14952,ORG,今順加 油站股份有限公司
14945,ORG,財團法人
20983,ORG,輔英科技大學
14892,ORG,高雄市高雄厝
14796,ORG,信義區新光三越
14793,ORG,精華
20984,ORG,文藻外語大學
20990,ORG,輔英校院
20966,ORG, 友總會
21212,ORG,高雄市大型百貨賣場
21215,ORG,公共安全
21223,ORG,勞檢處
21498,ORG,民進黨立院黨團
21542,ORG,中常會
14242,ORG,高雄市自由車協會
21572,ORG,正副院長
14230,ORG,自由車協會
21599,ORG,竹梅源
14228,ORG,政府工務局
21613,ORG,六龜寶來
21615,ORG,育樂公司
14168,ORG,台北立法院
14160,ORG,北高雄關
21658,ORG,謝辦
21664,ORG,電黨團
14086,ORG,高市府社 會局
21494,ORG,英派黨團
14060,ORG,農試所
14045,ORG,嘉義大學
14043,ORG,國立嘉義大學
14040,ORG,美濃區農會
14038,ORG,動植物防疫檢疫局
14037,ORG,郭章信系
14021,ORG,高雄市政府工務 局
21760,ORG,花卉協會
13982,ORG,紅頂穀創穀物文創樂園
13962,ORG,台北市政府衛生 局
21776,ORG,高雄市水利局
13954,ORG,台北市政府衛生局
13936,ORG,台北市市民防疫
21812,ORG,高市水利局
13914,ORG,地主隊
14051,ORG,美濃農會
15056,ORG,松山慈惠堂
21493,ORG,立院
21477,ORG,民進黨立院
14460,ORG,中央公園護樹護地聯盟
14459,ORG,護樹護地聯盟
21224,ORG,勞工局勞檢處
21225,ORG,允良營造有限公司
21263,ORG,勞檢處長
21286,ORG,高雄市花卉協會
14404,ORG,廣善堂
21306,ORG,漁業署長
14391,ORG,歷史博物館
21312,ORG,農業委員會
21315,ORG,兵役局
21330,ORG,福岡病院
17870,ORG,工務局工程企劃處
14373,ORG,祥明大學
21478,ORG,蔡意黨團
14371,ORG,東學農民革命紀念財 團
14367,ORG,雲林縣東明國中
21341,ORG,神經內科
21345,ORG,港醫院
21363,ORG,團長復健科
21429,ORG,佛公國
21430,ORG,教育部中小學磨課師課程計畫辦公室
14356,ORG,首爾國立大學
21431,ORG,緯創資通
21436,ORG,高雄市國教輔導團
14345,ORG,東明國中
14340,ORG,高雄市歷史博物館
21463,ORG,勞動檢查處
21476,ORG,政府勞 工局
14307,ORG,高博館
21339,ORG,市議員
21858,ORG,北高家扶中心
15064,ORG,板橋鎮聖宮
20878,ORG,加工處長
20134,ORG,道德院
15777,ORG,經濟部加工出口區管理處
15771,ORG,高雄捷運
15770,ORG,高雄軟體園區鴻海集團
20245,ORG,高雄道德院聯
15765,ORG,鴻海集團
15761,ORG,加工處
15760,ORG,教育局視覺意象小組
20273,ORG,澎湖華航空
20291,ORG,三民區
20294,ORG,服 務處
20307,ORG,福基金會
20312,ORG,元帝廟
15722,ORG,旗山區公所民政
20322,ORG,文武聖殿
20324,ORG,慈善團體聯合總會
15590,ORG,市府建管處
15581,ORG,高雄市建管處
15537,ORG,高雄市議長
15503,ORG,高雄長庚醫院
15486,ORG,高雄關
15469,ORG,荷蘭貿易暨投資辦事處
20390,ORG,高雄市政府海洋局
20411,ORG,土銀
15456,ORG,高雄市政府教育局校安
15450,ORG,衛生福利部疾病管制署
15435,ORG,六 龜觀光休閒協會
20418,ORG,博愛分行
20427,ORG,　土地銀行
20089,ORG,佛學研究室
20069,ORG,中國道教協會
20061,ORG,輔仁大學
15787,ORG,鴻海集團揚信科技公司
15915,ORG,最高法院
15906,ORG,最高院
15893,ORG,高雄高分院
15891,ORG,台灣電力公 司
15887,ORG,華運公司
15882,ORG,榮化
19698,ORG,緊急醫療管理系統
19703,ORG,聖功醫院
19709,ORG,高市學校
15850,ORG,阿拉 伯聯合大公國杜拜商務辦事處
19711,ORG,國軍
15840,ORG,杜拜台貿中心
19752,ORG,文衡殿
19787,ORG,國泰
15429,ORG,竹梅源育樂公司
19826,ORG,社會 局
15819,ORG,伊斯蘭教
19835,ORG,街友關懷協會
19836,ORG,人安基金會
19839,ORG,三民街
19841,ORG,獨居關懷隊
19842,ORG,鳳山二處街友服務中心
15804,ORG,聯合國氣候變化框架公約》（UNFCCC
19932,ORG,政府海洋局
19933,ORG,永安區漁會
19997,ORG,中央農委會
20032,ORG,台灣道教
15795,ORG,屏東林管處
20034,ORG,台灣道教研究會
15789,ORG,林疏伐
15820,ORG,Parvaneh食品公司
15421,ORG,竹梅源育樂事業公司
15418,ORG,竹梅源公司
15416,ORG,寶來之美
15192,ORG,董監事會
15191,ORG,雙鳳宮
15188,ORG,大總
15179,ORG,萬善堂
20785,ORG,樂天巨人棒球隊
15174,ORG,鴻權股份有限公司
15166,ORG, 世界弘道復興協會
15160,ORG,紅毛港朝天宮
15154,ORG,上將國際旅行社有限公司
15153,ORG,德院太上道德慈善會
15152,ORG,科技股份有限公司
15148,ORG,大方分公司
20828,ORG,高雄市中等學校運動會
15142,ORG,中國生命集團
20742,ORG,高雄熊委託經紀公司
15138,ORG,堅林企業股份有限公司
15136,ORG,地嶽殿
15119,ORG,金合田科技股份有限公司
20858,ORG,海軍陸戰隊兩棲偵搜大隊
20874,ORG,高雄加工區
15100,ORG,道教
15097,ORG,群鈺企業有限公司
20876,ORG,義工補路隊
15095,ORG,無極玉清宮
15093,ORG,混元宗壇
15092,ORG,順成銀紙行
15091,ORG,清華宮
15086,ORG,青城書院
15085,ORG,守田機械股份有限公司
15075,ORG,權財製麵商號
15137,ORG, 聯發螺絲工業股份有限公司
15066,ORG,忠延企 業股份有限公司
15202,ORG,德天慈愛會
20694,ORG,元旦升
20447,ORG,社會福利 公益安養信託
20452,ORG,中華民國網球協會
15397,ORG,審計部
15391,ORG,高雄市審計處
15390,ORG,高雄市國小
15381,ORG,高市國小資優資源班
20470,ORG,高雄陽明網球中心
15368,ORG,工會
15343,ORG,工程顧問公司
20480,ORG,高雄海碩杯網球賽事
20501,ORG,新資優生幼兒園
20508,ORG,三太子團
15340,ORG,鼎力里
20542,ORG,中華職棒大聯盟
20712,ORG,中華職棒
15324,ORG,市立國民小學
15296,ORG,弘善協會
20545,ORG,義大
15276,ORG,岳福慈善會
15272,ORG,台中吉成斗堂
15252,ORG,台灣海博 特股份有限公司
15245,ORG,高雄道德院太上道德慈善會
20586,ORG,聯盟
15227,ORG,台倢企業有限公司
20600,ORG,秘書處消保官
20603,ORG,市府秘書處
20652,ORG,航港局
20681,ORG,樂仁啟智中心
15224,ORG,大台南宗教服務工會
15219,ORG,巨鑫聯合企業有限公司
15299,ORG,台北巿道教
10990,ORG,郵政
1,ORG,衛武國家藝術文化中心
10979,ORG,中華郵政
4885,ORG,鼓山區周恆功
4913,ORG,旗山區柯
4924,ORG,高雄市政府環保局
4960,ORG,彪琥台灣鞋故事館
4963,ORG,中華台灣滷味博物館
4973,ORG,穀物文創樂園
5010,ORG,紅頂穀
5012,ORG,珍芳烏魚子見學工廠
5046,ORG,瑞祥高中國中部
5052,ORG,長 野縣小谷中學校
5075,ORG,高雄市中學
5080,ORG,長野高校
5141,ORG,彩虹山宗教基金會
5151,ORG,民政
5152,ORG,六龜區公所
5171,ORG,基金會
5178,ORG,成大
4865,ORG,翠華銀
4862,ORG,左營長輩照顧中心
4861,ORG,綜 合性老人服務中心
4836,ORG,國立科學工藝博物館
4698,ORG,修宇爆殺SHOW隊
4701,ORG,高雄市政府少年警察隊
4702,ORG,岡山國中
4706,ORG,少年輔導委員會
4709,ORG,麟洛國中
4714,ORG,美和國中
4715,ORG,林園高中附設國中
4719,ORG,枋寮高中國中部
5180,ORG,八０二醫院
4720,ORG,東海國中隊
4736,ORG,高市少輔會社
4737,ORG,精忠 育幼院
4757,ORG,信州大學附設醫院
4765,ORG,小港醫院
4766,ORG,旭町中學
4792,ORG,鎌田中學校
4797,ORG,龍華國中
4801,ORG,智慧交易所
4732,ORG,安平國中
5191,ORG,六龜大佛
5247,ORG,　統一集團
5271,ORG,科工館
5524,ORG,前鎮區公所
5530,ORG,土地開發處
5551,ORG,觀光局長
5552,ORG,傑迪斯行銷公司
5553,ORG,TAG
5566,ORG,傑迪斯整合行銷公司
5567,ORG,十鼓擊樂團
5568,ORG,高市不動產公會
5509,ORG,東南水泥股份有限公司
5573,ORG,高雄分院
5602,ORG,民 事
5609,ORG,高雄市民族國中木笛團
5615,ORG,民族國中木笛團
5628,ORG,家長會
5649,ORG,高督盟
5669,ORG,市府新聞局
5717,ORG,台船公司
5718,ORG,中國大陸廠
5574,ORG,澎湖地檢署
4694,ORG,東海 國中隊
5500,ORG,鎮地政事務所
5463,ORG,旗山糖鐵故事館
5283,ORG,高市府水利局
5297,ORG,工務局養工處
5299,ORG,鳳山養護工程隊
5300,ORG,養工處鳳山養護工程隊
5302,ORG,鳥松里里長
5311,ORG,鳥松區
5338,ORG,創世基金會
5350,ORG,唐心服務協會
5469,ORG,旗山糖廠
5353,ORG,大揚文 教基金會
5424,ORG,旗山區大溝頂
5429,ORG,太平商場
5432,ORG,高雄市 土木技師公會
5433,ORG,旗山鎮公所
5434,ORG,土木技師公會
5439,ORG,旗山車站糖鐵故事館
5452,ORG,旗山車站游國治
5454,ORG,旗山車站
5374,ORG,大溝頂自救會
5721,ORG,小港廠遷廠
4671,ORG,聯合環保局
4661,ORG,高雄市政府交通局聯合環保局
3994,ORG,高雄美國商會
3998,ORG,大田精密
4031,ORG,觀光局
4067,ORG,高雄事務所
4072,ORG,市議會國民黨團
4075,ORG,國民 黨團
4081,ORG,國民黨高雄市黨部
4089,ORG,國民黨市議會黨團
4133,ORG,高雄市政 府
4135,ORG,高雄市動物保護處
4151,ORG,新聞局
4168,ORG,中正大學
4169,ORG,高雄醫 學大學
4173,ORG,APAIE
4175,ORG,APAIE理事會
4179,ORG,亞太國際教育協會
4188,ORG,中興大學
3992,ORG,在台協會
3991,ORG,AIT
3986,ORG,大揚海產/隆順漁業集團
3975,ORG,台灣港 務公司
3629,ORG,中央黨部
3641,ORG,高市議會
3678,ORG,時代力量
3748,ORG,長鴻
3752,ORG,達法
3762,ORG,高市府捷運局
3784,ORG,西班牙CAF公司
3794,ORG,經濟發展局
4197,ORG,成功大學
3825,ORG,美國在台協會
3934,ORG,大華派
3937,ORG,高雄市警局交通隊
3939,ORG,庚醫院
3940,ORG,養工處鳳山養護科
3955,ORG,台南市長
3960,ORG,高雄分處
3964,ORG,嘉鴻遊艇集團
3969,ORG,高雄市電腦公會
3926,ORG,長庚醫院
4199,ORG,中山大學國 際長
4296,ORG,高 雄市政府水利局
4311,ORG,養工處
4500,ORG,高雄市寶來社區發展協會
4505,ORG,高雄市阿公店長跑協會
4509,ORG,寶來國小
4513,ORG, 寶來國中
4514,ORG,凱匯國際企業有限公司
4519,ORG,高雄市竹林休閒農業發展協會
4523,ORG,茂林國家風景區管理處
4524,ORG,寶來
4494,ORG,高雄市政府觀光局
4527,ORG,寶康行銷股份有限公司
4542,ORG,高雄市六龜區公所
4544,ORG,六龜觀光休閒協會
4560,ORG,教育局長
4576,ORG,高雄市代表團
4620,ORG,南台灣技職龍頭學校
4624,ORG,化材系
4626,ORG,模具系
4631,ORG,國立高雄應用 科技大學
4541,ORG,竹梅源育樂事業股份有限公司
4667,ORG,輪船公司
4487,ORG,高雄市客委會
4456,ORG,高市府都發局
4350,ORG,鳳邑棉紙藝術學會
4365,ORG,慶富
4366,ORG,三陽
4370,ORG,洛克希德馬汀
4371,ORG,台灣國際造船
4380,ORG,雷神
4381,ORG,中信
4387,ORG,龍德
4474,ORG,旗津生命紀念館
4395,ORG,台灣區造船 工業同業公會
4421,ORG,鐵改局
4425,ORG,國防部軍備局
4430,ORG,台鐵
4437,ORG,軍備局
4449,ORG,交通部鐵路改建工程局
4451,ORG,國防部
4453,ORG,國產署
4455,ORG,發展局
4396,ORG,高雄市觀光局
5723,ORG,台船公司消防隊
5736,ORG,台船
10984,ORG,青中心
6838,ORG,社會局長
6845,ORG,高雄市政府少年輔導委員會
6866,ORG,美國隊
6870,ORG,屏東縣精忠育幼院
6876,ORG,文藻英日同盟隊
6881,ORG,台灣隊
6883,ORG,美國學術交流基金會
6890,ORG,高雄榮民總醫院
6891,ORG, 衛生局
6893,ORG,義大醫院
6894,ORG,高雄市立小港醫院
6897,ORG,高雄市衛生局
6900,ORG,高雄醫學院
6903,ORG,高雄市立聯合醫院
6904,ORG,中和紀念醫院
6905,ORG,國軍高雄總醫院左營分院
6906,ORG,高雄市政府防疫團隊
6821,ORG,高雄市立大同醫院
6809,ORG,高醫
6806,ORG,大同福樂學堂
6801,ORG,日間照護中心
6539,ORG,國中組
6541,ORG,玉山高中Ｃ隊
6543,ORG,Sniper聯隊
6544,ORG,社會教育館
6560,ORG,大德工商Ｂ隊
6561,ORG,寶貝掩護我隊
6607,ORG,市府局
6621,ORG,佛光山南台別院
6907,ORG,義大醫療財團
6632,ORG,法會
6639,ORG,佛光山
6653,ORG,佛光總會
6705,ORG,東山 高中
6714,ORG,高市五福
6731,ORG,高雄市新都慢速壘 球協會
6744,ORG,中小學女子壘球聯賽
6798,ORG,高雄醫學大學
6800,ORG,衛生局長
6634,ORG,佛光
6931,ORG,海洋局
6939,ORG,市府財政局
6966,ORG,臺南關廟麵
7351,ORG,台北悠遊卡公司
7358,ORG,高雄捷運公司
7366,ORG,捷運公司
7374,ORG,中正國小
7375,ORG,金國小
7378,ORG,冠君國際同濟會
7379,ORG,南台灣藝術團
7381,ORG,國際同濟會
7332,ORG,超黨派聯盟
7385,ORG,百合會
7396,ORG,國際
7400,ORG, 濟會
7408,ORG,嘉合國際同濟會
7413,ORG,自強會
7424,ORG,西樂組
7428,ORG,濟會
7432,ORG,高屏B區十三分會
7447,ORG,城北會
7391,ORG, 正高中
6523,ORG,台南高工Ｂ隊
7323,ORG,無黨聯盟
7299,ORG, 市議會
6970,ORG,土地銀行
6982,ORG,社會福利公益安養信託
7048,ORG,高雄市環保局
7050,ORG,日月光公司
7053,ORG,K7廠
7063,ORG,高等行政法院
7076,ORG,建管處
7098,ORG,高雄立委
7310,ORG,藍營
7122,ORG,二零五兵工廠
7148,ORG,北上會
7153,ORG,中央統籌分配款
7197,ORG,高雄市國軍眷村文化發展協會
7232,ORG,國防委員會
7262,ORG,高雄第一科技大學
7266,ORG,一卡通公司
7286,ORG,高雄市社會局
7294,ORG,市議會法規委 員會
7136,ORG,高雄市立委
6515,ORG,明道大學隊
6514,ORG,ECHO隊
6513,ORG,大德工商Ａ隊
5930,ORG,水利署
5933,ORG,湖內區公所
5938,ORG,第六河川局協
5943,ORG,內政部營建署
5947,ORG,高雄市政府都發局
5959,ORG,高雄市辦理公司
5967,ORG,高雄市經發局長
5983,ORG,義診團
5923,ORG,營建署
5990,ORG,台灣基金會
6013,ORG,海科大
6027,ORG,高雄市政府原
6028,ORG,市府原民會
6039,ORG,高雄市代表隊
6042,ORG,原民會
6049,ORG,國小組
6057,ORG,特偵組
6062,ORG,台北地檢署
5997,ORG,海洋科技大學
6072,ORG,ＴVBS
5921,ORG,市府都發局
5855,ORG,高雄航空公司
5741,ORG,國林號公司
5743,ORG,國林號開發股份有限公司
5751,ORG,慶 圖金屬公司
5762,ORG,德泰開發公司
5772,ORG,咖啡社
5773,ORG,特殊教育學校
5776,ORG,陸淑美服務處
5780,ORG,長怡營造公司
5895,ORG,高市府環保局
5784,ORG,黃宋卻基金會
5797,ORG,高雄銀行
5805,ORG,楠梓污水下水道系統BOT廠商綠山林公司
5820,ORG,議長
5832,ORG,綠山林
5835,ORG,北京控股公司
5838,ORG,綠山林公司
5839,ORG,高雄市楠梓污水廠
5842,ORG,經濟部投審會
5796,ORG,程序委員會
3625,ORG,議會民進黨團
6074,ORG,新聞夜總會
6116,ORG,中信金紅火案
6374,ORG,文藻外語 大學
6377,ORG,高雄海洋科技大學
6384,ORG,市府教育局
6388,ORG,燕巢區農會
6398,ORG,市政府教育局
6401,ORG,旗津區污水處理回饋金
6412,ORG,小午餐委員會
6420,ORG,津國中
6360,ORG,市府交通局
6427,ORG,旗津國中
6456,ORG,高雄市文教協會
6461,ORG,北屋排舞班
6462,ORG,北屋社區發 展協會
6469,ORG,康健學堂隊
6489,ORG,高雄市議員暨快樂廣播網
6505,ORG,新國會
6510,ORG,台南應用科大隊
6511,ORG,社教館
6430,ORG,旗津區污水處理回饋金管理會
6078,ORG,特 偵組
6309,ORG,高雄區監理所
6279,ORG,楠梓中信銀行
6141,ORG,土城高中
6147,ORG,南崁高中
6169,ORG,丹鳳高中
6178,ORG,高工
6189,ORG,中華民國壘球協會
6191,ORG,埔里高工
6196,ORG,東山高中
6202,ORG,亞特蘭大奧運中華女壘代表隊
6300,ORG,財政部賦稅署
6204,ORG,高女組
6216,ORG,中華民國高級中等學校體育總會
6235,ORG,教育部體育署學校體育組
6238,ORG,女壘隊
6241,ORG,秀峰高中
6248,ORG,中正高工
6251,ORG,高雄市新都慢速壘球 協會
6253,ORG,高雄市政府教育局
6277,ORG,楠梓銀行
6213,ORG,士林高商
3594,ORG,國民黨籍
3441,ORG,衛生署長
3439,ORG,共和黨
926,ORG,議會國民黨團
939,ORG,勞健保補助
946,ORG,中央補
957,ORG,財政局
979,ORG,財經部門
987,ORG,市府經發局
993,ORG,客家委員會
998,ORG,市政府客委會
1003,ORG,中央客家委
1013,ORG,福安菸葉輔導站
1020,ORG,客委會
1021,ORG,國有財產署
1022,ORG,水利局
1028,ORG,高雄市政府水利局
1044,ORG,經濟
1046,ORG,工研院
1048,ORG,楠梓中油廠區
906,ORG,市府水利局
889,ORG,環保局
867,ORG,交通局聯合環保局
824,ORG,都市計畫
746,ORG,外貿協會
757,ORG,市府工務局養工處
770,ORG,統一集團
774,ORG,都委會
777,ORG,日本森集團
779,ORG,中美嘉吉
783,ORG,統一集團夢時代購物中心
785,ORG,購物中心
1053,ORG,中油總公司
789,ORG,高雄國際展覽館
796,ORG,亞洲
799,ORG,高雄地政局
800,ORG,高力國際
802,ORG,百 貨
808,ORG,美國總公司
812,ORG,高雄市政府地政局
820,ORG,高雄市都發局
822,ORG,台糖公司
795,ORG,東南水泥
1054,ORG,楠梓中油
1057,ORG,楠梓創新研發園區
1061,ORG,楠梓加工區
1290,ORG,高雄市政府經發局
1291,ORG,高市黨部
1304,ORG,高雄黨部
1308,ORG,高雄市議員
1325,ORG, 市政府
1349,ORG,財經委員會
1363,ORG,高雄煉油廠
1368,ORG,漁業署
1283,ORG,聯想
1376,ORG,農委會
1396,ORG,市府海洋局
1411,ORG,農委
1421,ORG,高雄市政府民政局
1428,ORG,台南市政府民政局
1431,ORG,北市府民政局
1432,ORG,台北市政府 民政局
1433,ORG,北市府
1439,ORG,台北市政府
1385,ORG,高市府海洋局
734,ORG,國貿局
1245,ORG,議會財政部門
1201,ORG,高雄市政府農業局
1074,ORG,研考會
1079,ORG,工務局
1083,ORG,經濟部
1092,ORG,行政院
1099,ORG,高雄市小港區沿海六里遷村推動小組
1105,ORG,都發局
1106,ORG,經濟部長
1112,ORG,中油
1220,ORG,小港沿海六里遷村推動小組
1114,ORG,市府研考會
1131,ORG,都發局局
1141,ORG,台電公司
1144,ORG,高雄市政府工務局
1154,ORG,地政局
1157,ORG,高市府地政局
1161,ORG, 地政局
1181,ORG,繼承會
1187,ORG,東協
1127,ORG,台電
732,ORG,市府經濟發展局
696,ORG,文生局長
694,ORG,國際會議協會
148,ORG,農業局
169,ORG,美國農村發展組織
185,ORG,市議會
193,ORG,民進黨
206,ORG,中央
218,ORG,國會
221,ORG,日月暘
227,ORG,市府
146,ORG,高雄市政府社會局
231,ORG,東台精機公司
238,ORG,台 灣
246,ORG,三菱東京日聯銀行
247,ORG,日月光
249,ORG,日商ＴＤＫ
262,ORG,交通局
265,ORG,高雄市政府交通局
272,ORG,明華園歌仔戲團
274,ORG,紙風車劇團
233,ORG,東台精機
275,ORG,亦宛然掌中劇團
145,ORG,九州熊本震災
140,ORG,高雄銀行公庫部
4,ORG,故宮南院
10,ORG,工程會
16,ORG,文化部
25,ORG,臺中國家歌劇院
31,ORG,兩廳院
41,ORG,衛武營
68,ORG,熊本縣政府
71,ORG,Yahoo
141,ORG,高市府
84,ORG,外交部
102,ORG,高市府觀光局
103,ORG,一卡通票證公司
109,ORG,中宇環保工程公司
113,ORG,正興輪胎
116,ORG,高雄市政府社
127,ORG,政府
132,ORG,熊本縣廳
136,ORG,社會局
101,ORG,壽山動物園
1446,ORG,夢想城市發展協會
279,ORG,台塑企業
284,ORG,台塑
446,ORG,議會
468,ORG,無黨團結聯盟
470,ORG,團結聯盟
472,ORG,民進黨團
488,ORG,日本交流協會
520,ORG,高雄市政府
531,ORG,市政府
549,ORG,林務局
441,ORG,國民黨團
552,ORG,高雄道德院
637,ORG,彰化縣陶笛聯盟學校
640,ORG,台灣陶笛藝術發展協會
649,ORG,彰化縣陶笛樂團
658,ORG,田尾國小
668,ORG,田尾鄉民代表會
671,ORG,夢翔齊飛樂團
673,ORG,彰化縣育德國小
678,ORG,經發局
630,ORG,高雄市仙境陶笛重奏樂團
282,ORG,台塑仁武廠
420,ORG,華盛頓
394,ORG,民主黨
290,ORG,台塑集團
291,ORG,明華園總團
292,ORG,明華園戲劇總團
306,ORG,公衛所
309,ORG,高醫大
315,ORG,哈佛大學公共衛生學院
316,ORG,美國國家衛 生院
319,ORG,陽明公衛所
416,ORG,高雄市議會
320,ORG,癌生物學系
325,ORG,陽明大學
327,ORG,中研院生醫所
329,ORG,北市衛生局
336,ORG,陽明醫學系
343,ORG,高雄阮綜合醫院
347,ORG,市黨部
388,ORG,福特
391,ORG,國防部長
322,ORG,國民黨
7480,ORG,市長室
1460,ORG,高市府社
1489,ORG,港務公司
2390,ORG,環境法律人協會
2396,ORG,環保團
2397,ORG,地球公民基金會
2411,ORG,南鐵線公司
2412,ORG,震南鋼鐵
2439,ORG,Ted x Taipei
2453,ORG,日間服務中心
2455,ORG,高雄市牙醫師公會
2460,ORG,調色板協會
2461,ORG,無障礙之家
2462,ORG,高雄市身心障礙者口腔醫療保健中心
2518,ORG,花蓮縣政府
2521,ORG,水公司
2546,ORG,台南市議會
2600,ORG,財政部
2655,ORG,內政部
2662,ORG,市政府水利局
2389,ORG,高市環保局
2374,ORG,新園農場自救會
2373,ORG,震南鐵線公司
2365,ORG,台泥公司
2137,ORG,高雄陽信銀行女子足球隊
2138,ORG,高市體育會
2142,ORG,體育處
2161,ORG,鳳山足球推展促進會
2169,ORG,高雄市經發局
2173,ORG,自救會
2174,ORG,前鎮分局
2194,ORG,道路交通管理處
2692,ORG,台北市長
2202,ORG,高雄市警察局
2306,ORG,國民黨立法院黨團
2308,ORG,國民黨立院黨團
2318,ORG,立法院
2320,ORG,黨團
2335,ORG,日本軍
2342,ORG,淺野水泥株式會社
2343,ORG,高雄市政府文化局
2348,ORG,台灣水泥
2224,ORG,監察院
2707,ORG,市政府交通局
2746,ORG,民主進步黨
2822,ORG,高雄市志願服務協會
3061,ORG,龍潭購地案
3131,ORG,南寧高中
3142,ORG,第六河川局
3146,ORG,經濟部水利署
3171,ORG,主計處
3255,ORG,教部
3262,ORG,民主公義講堂
3276,ORG,黨中央
3047,ORG,立法院黨團
3321,ORG,北市 成棒
3352,ORG,高雄市議會民進黨團
3362,ORG,親民黨
3372,ORG,台灣社
3393,ORG,金管會
3405,ORG,中研院
3413,ORG,紐約洋基
3417,ORG,洋基
3422,ORG,律師事務所
3341,ORG,總統府
2134,ORG,高雄市女足
3025,ORG,中信兄弟九局
2948,ORG,縣立大同高中
2823,ORG,中華民國志工總會
2840,ORG,高市社會局
2844,ORG,良善精神）非政府組織
2852,ORG,RUACH TOVA
2853,ORG,臺北市立動物園
2866,ORG,高雄市觀光局長
2869,ORG,金仕謙園長
2870,ORG, 山國小
2949,ORG,教育部體育署
2877,ORG,台北動物園
2881,ORG,高雄市壽山動物園
2898,ORG,高雄應用科技大學
2900,ORG,教育部技職司
2902,ORG,高應大
2906,ORG,台大
2910,ORG,高市府教育局
2920,ORG,教育部技職司長
2943,ORG,國立恆春工商田徑隊
2879,ORG,臺北市教育局長
2133,ORG,Freedom Sports
2132,ORG,女子社會足球隊
2128,ORG,球隊總領隊
1644,ORG,民國
1661,ORG,教育部
1683,ORG,體育局
1688,ORG,都發局長
1692,ORG,高雄市警局
1697,ORG,動保處
1698,ORG,動保處合約動物醫院
1701,ORG,動物保護處
1640,ORG,中山大學
1711,ORG,大魯閣
1734,ORG,高公局
1735,ORG,高雄國際航空站
1740,ORG,國工局
1741,ORG,大魯閣公司
1750,ORG,一卡通
1776,ORG,遷村策進會
1778,ORG,遷村辦公室
1779,ORG,市長施政
1721,ORG,高捷公司
1788,ORG,文化局文資審議委員會
1636,ORG,高雄市水利
1611,ORG,政大
1491,ORG,高雄市海洋局
1539,ORG,陸委會
1547,ORG,環保署長
1548,ORG,台大經濟系
1552,ORG,勞委會職訓局
1555,ORG,勞動部長
1556,ORG,台南市政府
1558,ORG,立委
1613,ORG,法務部
1561,ORG,經建會
1567,ORG,勞動部
1568,ORG,國發會
1573,ORG,台大公衛
1575,ORG,勞委會
1576,ORG,大武山文教基金會
1578,ORG,美國北卡羅來納州立大學
1580,ORG,大學法律系系
1599,ORG,國大
1562,ORG,勞保局
1467,ORG,高雄市研考會
1792,ORG,文資
1796,ORG,民政局
2004,ORG,捷運局
2005,ORG,市府捷運局
2012,ORG,承商長鴻
2022,ORG,交通部
2030,ORG,CAF
2033,ORG,教育局
2042,ORG,水 利局
2057,ORG,高雄市議會國民黨團
2000,ORG,高醫大新聞
2060,ORG,衛生局
2092,ORG,全國足球協會
2094,ORG,陽信銀行
2095,ORG,教育 局
2098,ORG,新慶陽營造公司
2099,ORG,中山工商
2101,ORG,高雄市體育會足球委員會
2108,ORG,高雄 市體育
2112,ORG,社會隊
2071,ORG,自來水公司
1793,ORG,鮫島盛創辦
1995,ORG,高醫醫院
1977,ORG,高議會
1801,ORG,中都聚落居民宗教信仰中心
1810,ORG,文化局
1813,ORG,林議
1825,ORG,中油公司
1839,ORG,中油高雄煉油廠
1841,ORG,豐德
1846,ORG,市府環保局
1848,ORG,民雄供油中心
1989,ORG,校友總會
1857,ORG,中油關廠
1901,ORG,公共工程委員會
1905,ORG,市府內部
1916,ORG,高市府團隊
1919,ORG,水工處
1928,ORG,中山大學海洋環境及工程學系
1950,ORG,台北市議會
1964,ORG,高雄縣議會
1974,ORG,高醫大學生會
1894,ORG,綜管
7482,ORG,高雄市政府警察局
5740,ORG,越南廠
8659,ORG,　市政府工務局
7767,ORG,漁會理事會
9536,ORG,台達電子公司
7755,ORG,援中漁民促進 會
7751,ORG,高雄 市政府
7744,ORG,高雄區漁會
10569,ORG,帛琉共和國大
9518,ORG,中華
7742,ORG,高市國小
7730,ORG,高雄市國小資優班
9513,ORG,正修科大
7663,ORG,二○五兵工廠
8553,ORG,高雄市旅行商業同業公會
8563,ORG,高雄市員工消費合作社
7651,ORG,工務 局
7640,ORG,高市教育局
8566,ORG,高雄市家禽品生產合作社
8569,ORG,高雄市政府員工消費合作社
7636,ORG,　民族大愛國小
9481,ORG,樹德科大
7632,ORG,高雄市政府原住民民族教育審議委員會
8571,ORG,郵局店
7772,ORG,漁會
9479,ORG,樹德科技大學
7773,ORG,雄檢
7780,ORG,中漁民促進會
9665,ORG,維冠大樓
10366,ORG,高捷
8502,ORG,中鋼公司
7876,ORG,誠品文化藝術基金會
9660,ORG,臺南市議會
10371,ORG,中央地調所
9593,ORG,中央政府
7872,ORG,樹科大
10444,ORG,農學會園藝學會
8506,ORG,中油公司總公司
9591,ORG,茵康會議公司
9588,ORG,高雄會展聯盟
7855,ORG,高雄市工務局
9581,ORG,國際會議中心
8512,ORG,台塑石化
9570,ORG,貿友展覽公司
7816,ORG,明德國小
10540,ORG,水土保持局
9555,ORG,正修科大休閒與運動管理系
9551,ORG,美和中學棒球隊
10565,ORG,關 島政府
9539,ORG,統一獅
7630,ORG,高雄市原住民委員會
9477,ORG,高市教育局長
7628,ORG,高雄市政府教育審議委員會
9461,ORG,縣市合併
9455,ORG,國民小學
9449,ORG, 牌
9448,ORG,高市 教育局
8764,ORG,左營
9438,ORG,高市府交通局
9423,ORG,政府水利局
10657,ORG,高雄市體 育處國際體育組
8783,ORG,高雄市體育會韻律體操委員會
8786,ORG,高雄市體育會
10658,ORG,高雄市體育會民俗體育運動委員會
10668,ORG,中國國民黨
9413,ORG,府衛生局
7527,ORG,立空大
9406,ORG,台灣電力公司
8795,ORG,長盃韻律體操錦標賽
8804,ORG,高雄市體育處
9400,ORG,大同公司
9399,ORG,海洋國家公園管理處
9396,ORG,工業研究院
9389,ORG,國安會
7531,ORG,高雄部
7539,ORG,新潮流
9464,ORG,瀰濃非營利幼兒園
7553,ORG,小英派
7620,ORG,原民學校
10600,ORG,高市府原民會
8573,ORG,農 業局
8574,ORG,高雄物產館蓮潭旗艦店
10617,ORG,山國中
8597,ORG,經委會
8610,ORG,中油工安
8623,ORG,鼓山區公所
8652,ORG,理大隊
8072,ORG,公路總局
7877,ORG,高師大教育學院
8661,ORG,壽山國家自然公園
9475,ORG,美濃社區幼兒園
8726,ORG,育英醫專
7602,ORG,衛福部
8732,ORG,勞工局訓練就業中心
7593,ORG,臺南市政府
9467,ORG,美濃鎮立托兒所
8753,ORG,高雄市訓練就業中心
10634,ORG,永康國小
7560,ORG,民 進黨
10635,ORG,民俗體育運動委員會
8662,ORG,章建築處理大隊
10350,ORG,高雄展覽館
9684,ORG,左營舊城國小事務組長
8500,ORG,高雄市府
8020,ORG,和桐
8122,ORG,高雄市教育團體
9916,ORG,原住民委員會
8014,ORG,長春樹脂
9912,ORG,客務處長
10009,ORG,長庚醫師團隊
8012,ORG,大連
10012,ORG,畜產科
8123,ORG,高雄高工體育
8128,ORG,高雄市政府教師專業發展中心
8008,ORG,高雄市經發局曾文生局長
7999,ORG,國喬
10019,ORG,高雄市府農業局
7995,ORG,中纖
7994,ORG,高雄市既有工業管線管理技術委員會
10034,ORG,人事室
10058,ORG,高雄交流協會
7992,ORG,李長榮
7991,ORG,亞聚
7990,ORG, 台聚
7988,ORG,中油大林廠
8112,ORG,高雄市教育局
8021,ORG,台橡
8024,ORG,台氯
8030,ORG,台塑公司
8071,ORG,德中店
8086,ORG,高雄市警局岡山分局
8069,ORG,文青店
8088,ORG,筆秀里長
8067,ORG,復興店
8066,ORG,I Pass一卡通
8064,ORG,萊爾富
8063,ORG,彌盛店
8061,ORG,興仁店
8056,ORG,全家超商西華店
10119,ORG,哈瑪星地區
8102,ORG,路總局
8103,ORG,交通大隊
9945,ORG,高雄物產館
8053,ORG,大港店
8052,ORG,統一超商潮欣店
8104,ORG,橋頭區公所
9949,ORG,高雄市農會
8047,ORG,I Pass
8045,ORG,萊爾富新德店
8037,ORG,台石化
8036,ORG,中石化
8055,ORG,新楠梓店
9386,ORG,經濟部能源局
9894,ORG,屏東縣政府
8136,ORG,市政會議
8291,ORG,日月光公吾
8292,ORG,高雄高等行政法院
8339,ORG,高雄市中正高工
8352,ORG, 五福國中
10221,ORG,關島觀光局
8354,ORG,先守隊
9780,ORG,高雄市政府衛生局
9742,ORG,復興部落
9740,ORG,三工處
9714,ORG,新甲國小承辦
7895,ORG,高雄市議會教育委員會
10249,ORG,華航
8386,ORG,新潮流系
10255,ORG,在台協會高雄分處
8410,ORG,美麗島系
10263,ORG,關島議會
10308,ORG,高市府工務局
10313,ORG,土壤液化諮 詢工作站
7886,ORG,駁二書店
8442,ORG,新潮流黨
8485,ORG,石化業者總部
7913,ORG,台西鄉代會
10179,ORG,三民二分局交通分隊
7923,ORG,崙豐三清宮
9792,ORG,本江之島電鐵株式會社
7968,ORG,高醫附設醫院社區醫學部
9889,ORG,首 波
8157,ORG,高雄縣衛生局
9886,ORG,屏東縣工業策進會
9880,ORG,養護工程處
8183,ORG,台灣南社
8190,ORG,登革熱防治中心
8191,ORG,南社
10124,ORG,中山社會學系
9852,ORG,　水利局
7975,ORG,公衛學系
7964,ORG,高醫大附設醫院社區醫學部
9823,ORG,政府觀光局
10134,ORG,第一社區大學
8236,ORG,環保局長
10137,ORG,中山大學社會學系
10139,ORG,中山大學 社會學系
10165,ORG,屏東地檢署
8289,ORG,高雄市環境保護局
10172,ORG,高雄三民二分局
10173,ORG,地檢署
8290,ORG,日月光K7廠
8223,ORG, 南社
9381,ORG,海巡署海岸巡防總局
9939,ORG,政府農業局
10866,ORG,國道基金
10829,ORG,日本森大廈
7509,ORG,部落大學
9327,ORG,日本八王子市議會
10843,ORG,運研所
9015,ORG,市政府衛生單位
8891,ORG,高雄團
10711,ORG,高市府財政局
10844,ORG,路政司
9336,ORG,創世社會福利基金會
7484,ORG,婦幼警察隊
10697,ORG,路竹民眾服務社
10695,ORG,救國團
10867,ORG,立法
9263,ORG,世界蘇姓總會
9337,ORG,高雄市青年服務協會
10877,ORG,國道高速公路局
10891,ORG,高雄市光電
7518,ORG,高雄市原住民族部落大學
10693,ORG,大寮稅捐稽徵所
10893,ORG,市府工務局
10692,ORG,大寮民眾服務社
10906,ORG,太陽光電業務
9339,ORG,巴特里食品有限公司
9343,ORG,ＫＭＴ高雄市青工 總會
9229,ORG,蘇氏宗親總會
8890,ORG,遊艇專區
10690,ORG,仁武民眾服務社
7483,ORG,橋頭馬術中心
9338,ORG,大揚文教基金會
9002,ORG,住安委員會
10827,ORG,Chris Yoshii 
7507,ORG,高雄市原民會
10759,ORG,勞工局
10779,ORG,聯合國
7486,ORG,財 團
10781,ORG,上海環球金融中心
10787,ORG,森大廈
7491,ORG,日本氣象協會
10795,ORG,高雄市地政局
8967,ORG,高雄市愛種樹協會
10798,ORG,博多
10799,ORG,山本和彥
8930,ORG,金煙囪文化協進會
7493,ORG,氣象局
7505,ORG,氣象局長
10801,ORG,日本森大廈公司
7506,ORG,市立空大
8976,ORG,市政府農業局
10747,ORG,屏東縣竹田鄉竹田國小
8987,ORG,高 雄市警局
8913,ORG,中船
10720,ORG,竹田 國小
8993,ORG,大地工程技師公會
10805,ORG,海洋文化及流行音樂中心
8907,ORG,高雄健康空氣行動聯盟
9284,ORG,八王子市議會
10809,ORG,株式會社
8902,ORG,台灣水資源保育聯盟
10810,ORG,台灣港務公司
10816,ORG,高雄港區土地開發公司
8997,ORG,高雄市不動產開發商業同業公會
10948,ORG,高雄市政府秘書處
9349,ORG,登美牙醫診所
10760,ORG,勞動女性紀念公園
9108,ORG,采風美術協會創會
8841,ORG,高雄港務公司
9221,ORG,台南市蘇姓宗親會
9109,ORG,議會欣賞采風美術協會
8811,ORG,國立中山大學
10686,ORG,鼓山服務社
8819,ORG,高 雄市政府教育局
8821,ORG,國大專校院
8835,ORG,高雄市漁民協會聯合總會
8836,ORG,港務局
9143,ORG,宏道佈教
10978,ORG,高雄市長青 綜合服務中心
9114,ORG,采風美術協會
8857,ORG,五輕
8839,ORG,高雄市漁民協會聯合總會總會
10672,ORG,高雄市政府財政局
9373,ORG,海巡署
9367,ORG,高雄市政府客家事務委員會
9188,ORG,高雄道德院孤兒院
8827,ORG,大林廠
10972,ORG,高雄郵局
9149,ORG,慈善會
10957,ORG,布黨
9105,ORG,高雄市議會藝術走廊
9198,ORG,市府團隊
9362,ORG,高雄市政府警察局勤務指揮中心
9360,ORG,台北總統府
9223,ORG,蘇周連姓宗親聯合總會
3113,PERSON,陳建仁
3134,PERSON,陳玉娟
3109,PERSON,柯文 哲盼
21894,PERSON,鄭清福
1856,PERSON,吳清陽
3398,PERSON,翁啟惠
12812,PERSON,高雄師大
12288,PERSON,廖建中
3404,PERSON,克魯茲
3127,PERSON,林良文
9167,PERSON,謝斗燈
3126,PERSON,姜忠宏
3407,PERSON,王建民
12139,PERSON,古屋圭司
1872,PERSON,吳敦義
21887,PERSON,黃吉村
3406,PERSON,李明亮
3414,PERSON,川普
3304,PERSON,陳順勝
9160,PERSON,七星蘆
3063,PERSON,徐永明
3021,PERSON,柯說謝
12128,PERSON,安倍晉三
21928,PERSON,旗山天后宮
21355,PERSON,李佳玲
12129,PERSON,張花冠
1976,PERSON,賴文德
12806,PERSON,王政彥
21924,PERSON,金猴
21916,PERSON,葉冠億
9690,PERSON,蘇姵文
3032,PERSON,柯ｐ
3035,PERSON,賴士葆
12135,PERSON,沈斯淳
20056,PERSON,範大學
9712,PERSON,黃福良
21415,PERSON,延周四
3036,PERSON,陳亭妃
12807,PERSON,陳光復
21426,PERSON,許任璿
3421,PERSON,蒲亭
9278,PERSON,林志展
3418,PERSON,張盛和
21428,PERSON,楊竹星
1936,PERSON,蕭永達
20044,PERSON,李光富
20040,PERSON,陳敏祥
9775,PERSON,高雄醫學大學
3065,PERSON,吳秉叡
3138,PERSON,林志文
21563,PERSON, 訓
3397,PERSON,莫薩克馮賽卡
3242,PERSON,杜正勝
9899,PERSON,曾美玲
9902,PERSON,林淑惠
21857,PERSON,陳連長
21856,PERSON,許正翰
3245,PERSON,陳致中
1752,PERSON,大魯閣
19749,PERSON,錢俊皞
12168,PERSON,衛藤征士郎
19746,PERSON,文衡殿關帝君
3356,PERSON,馬 英九
19741,PERSON,關聖帝君
21780,PERSON,周文雄
3254,PERSON,林濁水
21854,PERSON,林勝德
12155,PERSON,山東昭子
19679,PERSON,阮綜合醫院
12157,PERSON,顏純左
9233,PERSON,蘇本雄
12824,PERSON,吳淑瑾
9224,PERSON,梁順發
21783,PERSON,羅碧燕
9905,PERSON,以 上
21811,PERSON,林芳 
21799,PERSON,陳進發
12831,PERSON,莊華州
3317,PERSON,柯 文哲
3228,PERSON,蔡敏文
3139,PERSON,蔡旺詮
20098,PERSON,龔瑞 璋
21688,PERSON,林宏明
12286,PERSON,明明
9793,PERSON,天野泉
21515,PERSON,小英基
21533,PERSON,齊讚
12814,PERSON,王惠亮
9796,PERSON,盛局長
3315,PERSON, 柯ｐ
9922,PERSON,邱名 璋
1830,PERSON,劉進興
9824,PERSON,日本江之電天野泉
9841,PERSON,梓官區
12890,PERSON,鳳青
3153,PERSON,李俊賢
21866,PERSON,蔡權明
21610,PERSON,黃 秋泉
19840,PERSON,基督教恩友中心
3161,PERSON,吳碧珠
21859,PERSON,許福森
3165,PERSON,蕭永 
9241,PERSON,蘇周連
9887,PERSON,曾智勇
9888,PERSON,邱名璋
3201,PERSON,黃秀文
1714,PERSON,賴瑞隆
3211,PERSON,葉菊蘭
19782,PERSON,文衡殿關帝
21676,PERSON,謝系
21692,PERSON,陳春生
9384,PERSON,許績陵
12802,PERSON,吳連賞
21340,PERSON,侯明峰
20954,PERSON,輔英
12505,PERSON,杜世娟
20951,PERSON,顧志遠
2243,PERSON,南 北
20374,PERSON,星期 六
20898,PERSON,劉銀惠
20888,PERSON,王弘妃
20955,PERSON,沈清良
20887,PERSON,武部惠子
20883,PERSON,黃文谷
2687,PERSON,柯文 哲
9358,PERSON,彭男
2625,PERSON,周玲玟
2315,PERSON,王育敏
20409,PERSON,高明賢
12523,PERSON,范進財
12511,PERSON,蔡家福
2547,PERSON,張茂楠
20957,PERSON,周守民
2757,PERSON,柯Ｐ
12753,PERSON,劉馨
12487,PERSON,許繼德
20975,PERSON,張光正
20972,PERSON,王錦慧
20970,PERSON,馬丁路德
12751,PERSON,劉亞平
12499,PERSON,周明鎮
20958,PERSON,賈伯斯
2828,PERSON,陳健仁
20963,PERSON,柯P
12738,PERSON,劉安球
2808,PERSON,陳茂雄
2798,PERSON,謝長 廷
20962,PERSON,顧庭銘
2760,PERSON,謝長廷
20960,PERSON,中村修二
2196,PERSON,高雄市
12757,PERSON,高雄應
2319,PERSON,李彥秀
2327,PERSON,林德福
20674,PERSON,雲松
20672,PERSON,青志
20669,PERSON,瑞鴻
20666,PERSON,樂仁啟智中心
20654,PERSON,郭進宗
2475,PERSON,高雄隊
20627,PERSON,黃俊順
20676,PERSON,國隆
2399,PERSON,震南
20503,PERSON,謝秋江
2472,PERSON,陳其邁
20541,PERSON,Lamigo桃猿
12671,PERSON,曾文南
2457,PERSON,陳桂英
2458,PERSON,蕭婷云
20558,PERSON,鄭達鴻
2401,PERSON,呂德育
9365,PERSON,高雄監
20678,PERSON,信宏
20679,PERSON,惠萍
2526,PERSON,王孝維
12530,PERSON,高文政
2525,PERSON,江志銘
12539,PERSON,蘇聰榮
20740,PERSON,杜韋
9439,PERSON,球盛典
20693,PERSON,蘇士雅
20489,PERSON,黃正
2495,PERSON,鄭捷
20689,PERSON,運添
20472,PERSON,台維斯
20688,PERSON,友文
2480,PERSON,管碧玲
20686,PERSON,文淵
20684,PERSON,康裕成議長
2394,PERSON,蔡春紀
20691,PERSON,皓汶
1987,PERSON,陳田錨
2166,PERSON,劉福財
20996,PERSON,陳國清
21242,PERSON,周登春
9280,PERSON,蔡蘇秋金
9587,PERSON,劉苑玲
20156,PERSON,陳獻敬
2926,PERSON,潘孟安
2080,PERSON,劉德林
2081,PERSON,大溝頂商場
20146,PERSON,玄天上帝
2089,PERSON,龔元高
21180,PERSON,楊雅玲
9569,PERSON,陳雅惠
9557,PERSON,白法堯
21164,PERSON,郭東義
21143,PERSON,劉姥姥
21141,PERSON,歐尼爾
21133,PERSON,中立說
21188,PERSON,劉建忻
2919,PERSON,楊正宏
2947,PERSON,吳麗雪
2032,PERSON,黃香菽
9663,PERSON,楊澤泉
21338,PERSON,林憶婷
21335,PERSON,李建勳
21334,PERSON,長期照護
20102,PERSON,三清 太乙
21323,PERSON,沙志一
9650,PERSON,郭炎塗
20543,PERSON,林智勝
21314,PERSON,方信淵
9610,PERSON,涂建國
21294,PERSON,蔡日耀
12370,PERSON,陳菊 
21283,PERSON,綺麗屋
2013,PERSON,吳義隆
9599,PERSON,楊志中
12805,PERSON,林皆興
9648,PERSON,吳建宏
2857,PERSON,莊絢智
9289,PERSON,福安徹
21120,PERSON,卡特
21068,PERSON,李永 
21063,PERSON,邱淑容
9319,PERSON,福安 徹
9505,PERSON,汪俊良
12467,PERSON,朱文
2139,PERSON,王進焱
12468,PERSON,黃富源
9516,PERSON,唐國峰
2147,PERSON,朱文慶
21047,PERSON,寶來國中
2875,PERSON,春圓
2873,PERSON,湯志民
2153,PERSON,新慶陽
2157,PERSON,郭志
12762,PERSON,蘇炎城
12758,PERSON,吳明憲
12773,PERSON,沈建全
2100,PERSON,陳立聰
2890,PERSON,許傅盛
21080,PERSON,智培
12785,PERSON,沈健全
21117,PERSON,蔡英 
21110,PERSON,雷根
2903,PERSON,馬湘萍
2102,PERSON,郭志鴻
9523,PERSON,兄弟象
2109,PERSON,楊明州
9521,PERSON,張永昌
12784,PERSON,李俊璋
2119,PERSON,劉世芳
9292,PERSON,石森孝志
2123,PERSON,楊明洲
12777,PERSON,郭阿梅
21093,PERSON,藍少白
21087,PERSON,黃智培
2127,PERSON,黃煜
12427,PERSON,顧超光
14949,PERSON,林吳
11942,PERSON,林志 宏
1674,PERSON,李怡德
508,PERSON,翁瑞珠
509,PERSON,張漢忠
510,PERSON,何權峰
511,PERSON,簡煥宗
514,PERSON,陳導民
516,PERSON,高閔琳
517,PERSON,顏曉菁
519,PERSON,郭建盟
521,PERSON,陳信瑜
23715,PERSON,鄧麗君
507,PERSON,吳銘賜
522,PERSON,李雨庭
523,PERSON,陳順利
23624,PERSON,民歡慶
533,PERSON,李喬如
535,PERSON,邱俊憲
536,PERSON,林瑩蓉
23576,PERSON,張俊雄
537,PERSON,張豐藤
23561,PERSON,邱昭仁
538,PERSON,黃淑美
23559,PERSON,張榮輝
23706,PERSON,孟繁衍
540,PERSON,陳慧文
505,PERSON,康議長
500,PERSON,陳明澤
433,PERSON,小英
440,PERSON,黃石龍
442,PERSON,曾俊傑
445,PERSON,康裕成
456,PERSON,林民傑
457,PERSON,吳益政
23879,PERSON,藤原弘
459,PERSON,李順進
461,PERSON,張勝富
465,PERSON,蔡昌達
501,PERSON,林宛蓉
23873,PERSON,陳政
23867,PERSON,黎明光
482,PERSON,張勝盼
483,PERSON,伊斯坦大．貝雅夫．正福
485,PERSON,陳政聞
23855,PERSON,陳駿彥
490,PERSON,鄭光峰
493,PERSON,俄鄧．殷艾
23844,PERSON,世豐善行
495,PERSON,羅鼎城
498,PERSON,周玲妏
11386,PERSON,林文祺
541,PERSON,林芳如
547,PERSON,李柏毅
23551,PERSON,李廣祥
644,PERSON,許世昌
646,PERSON,魏明谷
648,PERSON,林守政
656,PERSON,林明裕
23342,PERSON,李政憲
657,PERSON,鄭仁富
23322,PERSON,吳博安
10656,PERSON,小柯茗 竤
667,PERSON,劉淑芳
10652,PERSON,張駿煌
23395,PERSON,蘇文財
670,PERSON,陳君瑞
672,PERSON,陳若儀
10645,PERSON,張簡智鵬
11477,PERSON,陳建 仁
23246,PERSON,吳秉承
691,PERSON,林武忠
23239,PERSON,高雄嘉年華
10642,PERSON,王竫詒
708,PERSON,汪志冰
23214,PERSON,張峻禋
10633,PERSON,郭哲均
10646,PERSON,謝福財
23404,PERSON,吳楊月琴
639,PERSON,陶笛家
10665,PERSON,劉二銓
11402,PERSON,謝謂君
23544,PERSON,林三孃
23542,PERSON,萬春賢
551,PERSON,三清太乙
23536,PERSON,林絲娛
23533,PERSON,曾明麗
11404,PERSON,許傳盛局長
555,PERSON,三清太
23527,PERSON,周子瑜
23519,PERSON,林錫山
562,PERSON,甲仙天
563,PERSON,翁太明
23469,PERSON,中正高中
23466,PERSON,章金榮
584,PERSON,三清道祖
23455,PERSON,王和家
587,PERSON,清靜
601,PERSON,鍾盛有
627,PERSON,崇仙亭
23446,PERSON,黃煥永
628,PERSON, 奇
631,PERSON,陳榮茂
632,PERSON,陳素月
431,PERSON,陳水扁
23212,PERSON,潘德源
425,PERSON,Iran-contra scandal
417,PERSON,克林頓
11056,PERSON,王阿
24551,PERSON,黃奕凱
24541,PERSON,羅金柱
10925,PERSON,札摩拉
11086,PERSON,顏 寬恆
24519,PERSON,李順欽
11097,PERSON,陳綠蔚
11121,PERSON,林聖忠
11123,PERSON,Monsieur Jean ROATTA
10874,PERSON,范植谷
11044,PERSON,謝琍琍
151,PERSON,蔡復進
10855,PERSON,鼎金
11136,PERSON,Monsieur Didier PARAKIAN
24380,PERSON,四維長青學苑
24377,PERSON,青中心
24376,PERSON,鳳山長青學苑
210,PERSON,林全
24369,PERSON,吳豐盛
24368,PERSON,莊爵安
24356,PERSON,張瑞宗
222,PERSON,陳菊昨
158,PERSON,U Ba Myo Thein
11153,PERSON, Madame Dominique VLASTO
24598,PERSON,王金 平
24616,PERSON,高雄路竹
24730,PERSON,黃韻涵
10996,PERSON,洪建發
9,PERSON,顏久榮
11000,PERSON,文昌帝君
24684,PERSON,梁正翰
17,PERSON,衛武營藝術文化中心
18,PERSON,洪孟啟
11006,PERSON,曹公國
24670,PERSON,陳明達
24665,PERSON,余淑真
99,PERSON,馬英九
24664,PERSON,許慧麗
24648,PERSON,慧光千
24645,PERSON,葉明博
48,PERSON,簡文彬
50,PERSON,林佳龍
10970,PERSON,琍琍
11029,PERSON,劉耀元
24637,PERSON,高明珠
75,PERSON,賴清德
82,PERSON,陳菊
95,PERSON,柯文哲
10976,PERSON,郭同志
11162,PERSON,Madame Anne-Marie d'ESTIENNE d'ORVES
11165,PERSON,M. Dominique TIAN
24271,PERSON,女英
24087,PERSON,鼎西里
11367,PERSON,新港里
331,PERSON,陳寶輝
24082,PERSON,本館里
332,PERSON,朱立倫
333,PERSON,林國正
337,PERSON,劉景寬
24023,PERSON,吳 思瑤
11370,PERSON,蘇國禎
385,PERSON,福特
328,PERSON,黃柏霖
386,PERSON,尼克森
389,PERSON,老布希
390,PERSON,蔡英文
11372,PERSON,何應成
11373,PERSON,姚雨靜
398,PERSON,愛德華甘迺迪
401,PERSON,布希
402,PERSON,布希特
409,PERSON,阿扁
410,PERSON,full pardon
413,PERSON, Caspar W. Weinberger 
11371,PERSON,蘇國 禎
24090,PERSON,黃淑美議員
24096,PERSON,蕾 蒂
324,PERSON,陳皆興
24267,PERSON,張萃■
11168,PERSON, Monsieur Roland BLUM
11178,PERSON,劉晟熙
11180,PERSON,王耀裕
24219,PERSON,萬龍
11185,PERSON,謝 水福
276,PERSON,明華園
24203,PERSON,趙評平
277,PERSON,王永在
24197,PERSON,趙評
11192,PERSON,洪進財
281,PERSON,孫翠鳳
11197,PERSON,林金柱
283,PERSON,項羽
287,PERSON,許慧玉
11272,PERSON,吳釗燮
297,PERSON,王詹樣
300,PERSON,沈英章
24141,PERSON,徐永年
308,PERSON,陳宜民
10788,PERSON,夢時代
11318,PERSON,黃仲銘
10761,PERSON,李煥熏
11381,PERSON,何擇良
9924,PERSON,蘇嘉全
735,PERSON,曾文生
23203,PERSON,張智翔
11833,PERSON,六龜大佛
1375,PERSON,黃正忠
10197,PERSON,張銘忠
11878,PERSON,仁愛里
11879,PERSON,呂繼承
1400,PERSON,林岱樺
1415,PERSON,鳳芸里
1417,PERSON,林岱 樺
22439,PERSON,黃世偉
11887,PERSON,林明田
10223,PERSON,查莫洛
11898,PERSON,吳石南
1455,PERSON,長青學苑
11906,PERSON,郭泰山
22409,PERSON,蔡邦權
1463,PERSON,李 永
11907,PERSON,凌志亨
10129,PERSON,楊弘敦
22384,PERSON,慈善團
1514,PERSON,李進勇
22378,PERSON,游錫 
1537,PERSON,陳美伶
22417,PERSON,黃煌初
22348,PERSON,楊家俍
10225,PERSON,茱迪思．旺帕
10233,PERSON,賴碧娜
11726,PERSON,潘成鴻
1134,PERSON,趙建喬
22576,PERSON,李柏諺
22575,PERSON,楊育庭
22572,PERSON,賈凌慧
22570,PERSON,蘇順三
10324,PERSON,蘇俊傑
11739,PERSON,樹德家商
22566,PERSON,邱朝雄
22564,PERSON,王柔誼
10226,PERSON,哈國瑞
11742,PERSON,陳茂霖
11744,PERSON,樹德
11751,PERSON,陳文瑞
22538,PERSON,馬拉松
1279,PERSON,黃彥毓
22534,PERSON,巫帛宏
11772,PERSON,朱元祥
1293,PERSON,詹永龍
22528,PERSON,李奎龍
22526,PERSON,曾奕豪
22525,PERSON,黃詩涵
22560,PERSON,李采懌
22306,PERSON,黃昭順
22298,PERSON,李復興
1540,PERSON,李應元
22071,PERSON,謝清泉
22070,PERSON,劉鎮寧
9959,PERSON,詹宗翰
9950,PERSON,蔡 復進
22065,PERSON,王欽源
22060,PERSON,陳瑩
22059,PERSON,吳慶榮
22058,PERSON,廖國棟
22051,PERSON,黃健庭
1620,PERSON,林錫耀
1592,PERSON,邱太三
22047,PERSON,李素琴
22042,PERSON,余明勳
1642,PERSON,中山大學
22040,PERSON,劉櫂豪
12111,PERSON,岸信夫
9942,PERSON,林子霞
1663,PERSON,吳濟華
1672,PERSON,李賢華
22007,PERSON,鄭麗君
21993,PERSON,黃偉哲
21985,PERSON,蘇震清
12106,PERSON,岸 信夫
1590,PERSON,曹啟 鴻
1589,PERSON,曹啟鴻
9976,PERSON,大橋光夫
22284,PERSON,張 省
1542,PERSON,陳添枝
22278,PERSON,李 喬如
1545,PERSON,郭芳煜
22259,PERSON,張俊宏
11913,PERSON,林家里長
22240,PERSON,理敦
22237,PERSON,高雄高分院
22225,PERSON,鄭文華
10121,PERSON,萬毓澤
22212,PERSON,許阿桃
1549,PERSON,童振源
3423,PERSON,甘勞格森 
11947,PERSON,孝兒
10072,PERSON,光夫
22192,PERSON,冬啟程
10029,PERSON,佐藤草筆
22152,PERSON,許書基
1571,PERSON,吳宏謀
22095,PERSON,梁雅琪
10011,PERSON,林志宏
10010,PERSON,志宏
1579,PERSON,邱太 
22581,PERSON,沈富雄
23207,PERSON,洪正文
22586,PERSON,沈請益
11724,PERSON,蘇彥綸
23053,PERSON,陳 其邁
23045,PERSON,黃正助
902,PERSON,陳美雅
23039,PERSON,陳明俊
23037,PERSON,張真榮
23036,PERSON,本元里
23035,PERSON,李世昌
23032,PERSON,林志賢
905,PERSON,黃紹庭
23027,PERSON,寶興里
11610,PERSON,金政均
23026,PERSON,本武里
10573,PERSON,Burghard Pieske
23022,PERSON,吳阿吉
910,PERSON,陳玫娟
918,PERSON,曾麗燕
23016,PERSON,潘進派
23015,PERSON,林昆明
921,PERSON,劉馨正
22979,PERSON,蔡宗彥
11612,PERSON,大仁國中
928,PERSON,陸淑美
23025,PERSON,林恭正
932,PERSON,李雅靜
10584,PERSON,王端仁
10589,PERSON,喀勒芳安
11528,PERSON,張錦麗
11530,PERSON,李坤城
10627,PERSON,蔡盷倢
772,PERSON,張國光
11534,PERSON,集賢公共托育中心
10626,PERSON,林雲峰
23171,PERSON,鈴木知事
11551,PERSON,李翁月娥
23162,PERSON,鈴木英敬
11553,PERSON,陳啟能
835,PERSON,陳勁甫
23158,PERSON,謝 系
11555,PERSON,李倩萍
10622,PERSON,楠梓國
23131,PERSON,林岱
10621,PERSON,林歆育
10620,PERSON,李翊騏
10619,PERSON,瑞興國
24731,PERSON,左楠區
11576,PERSON,王耀弘
23091,PERSON,劉養望
10602,PERSON,夏曼
11554,PERSON,黃林玲玲
22955,PERSON,羅銘鴻
11613,PERSON,李東原
22952,PERSON,曾燈友
11656,PERSON,王家宏
22781,PERSON,劉清良
22773,PERSON,黃清山
11660,PERSON,金政
11662,PERSON,斗山熊
10475,PERSON,凱特
11671,PERSON,忠孝國
11675,PERSON,倪國展
10458,PERSON,李登輝
10449,PERSON,黃金煌
10483,PERSON,永懷堂
22721,PERSON,感謝盃
11690,PERSON,金國中
10442,PERSON,懷特
1096,PERSON,許立明
11696,PERSON, 二軍
10439,PERSON,黃條讚
10438,PERSON,海頓
10374,PERSON,高捷
22634,PERSON,吳思華
22632,PERSON,劉火欽
1120,PERSON,鄧振中
11688,PERSON,鍾毓英
22797,PERSON,高雄燕巢
22804,PERSON,鍾金輝
10561,PERSON,Ignacio Camacho
22951,PERSON,蘇成達
10571,PERSON,藍波安
22949,PERSON,梁素蘭
953,PERSON,陳麗娜
955,PERSON,陳菊市長
968,PERSON,簡振澄
11616,PERSON,李昱德
11630,PERSON,趙偉城
11633,PERSON,忠孝國中
22883,PERSON,永安
995,PERSON,黃莉莉
996,PERSON,范佐銘
11634,PERSON,徐榮根
22863,PERSON,楊力州
999,PERSON,古秀妃
22853,PERSON, 涵
22849,PERSON,曾宇謙
1001,PERSON,邱議瑩
1005,PERSON,李永得
22843,PERSON,莊東杰
1008,PERSON,美濃謝鶴琳區長
22832,PERSON,鍾金 輝
11643,PERSON,林讚新
22587,PERSON,鄭運鵬
19502,PERSON,漢神百貨
4111,PERSON,陳依
19484,PERSON,盧繼先
6813,PERSON,吳文正
6818,PERSON,陳田植
15729,PERSON,王錦榮
6836,PERSON,姚 雨靜
6839,PERSON,精忠育幼院
15710,PERSON,黃伯雄
15676,PERSON,北高
15644,PERSON,先清
6840,PERSON,內野佑美
14530,PERSON,簡 順能
14523,PERSON,鄭輝雄
6848,PERSON,菊水紗
6863,PERSON,田中諒平
14531,PERSON,陳瑩琳
7619,PERSON,達海
15517,PERSON,庚醫院
15509,PERSON,高雄長庚
15508,PERSON,許父
6872,PERSON,Charles Williams
15500,PERSON,許淑苓
15495,PERSON,Guy Wittich
15490,PERSON,紀維德
6862,PERSON,高雄社教館
6873,PERSON,春木俊郁
14522,PERSON,蔡嘉琛
14520,PERSON,陳天才
6528,PERSON,松邵文
15894,PERSON,張榮化
6533,PERSON,陳論杰
6536,PERSON,汪長 宇
14456,PERSON,張丞賢
15885,PERSON,李長榮
7699,PERSON,何志偉
6548,PERSON,簡佑廷
15873,PERSON,楊司恭
6549,PERSON,周莊閔
14521,PERSON,盧曉騏
6557,PERSON,吳崇瑋
6562,PERSON,鄭勝柔
14471,PERSON,李科永紀
6619,PERSON,星雲
7639,PERSON,尤潔
14504,PERSON,丁偉安
14506,PERSON,蘇信雄
6703,PERSON,新北秀峰
7634,PERSON,張新榮
6730,PERSON,北秀峰
14512,PERSON,葉國華
7681,PERSON,郝龍斌
6526,PERSON,徐瑞駿
15482,PERSON, 　紀維德
14539,PERSON,王瑞琮
15290,PERSON,陳科禮
14627,PERSON,中山大學亞太所
15285,PERSON,鄭勝彥
15284,PERSON,陳寶月
15281,PERSON,陳錦美
15280,PERSON,蔡明宏
15278,PERSON,郭永祥
15277,PERSON,黃春桂
7530,PERSON,張惠美
15274,PERSON, 林水勝
15291,PERSON,蘇榮嘉
7528,PERSON,長高義展
15270,PERSON,惠翁兆正
15269,PERSON,張聖傑
15267,PERSON,余笠均
15266,PERSON,楊梅瑾
15263,PERSON,皇極玉虛天
15262,PERSON,吳淑慧
15261,PERSON,曾筑筠
15260,PERSON,陳德明
15259,PERSON,盧仁美
15258,PERSON,楊喜仰
15271,PERSON,吳 清坤
14535,PERSON,米芾
15295,PERSON,黃瑞峰
15297,PERSON,林秀美
14540,PERSON,黃志煌
14541,PERSON,柯耀程
14549,PERSON,侯勝賢
7597,PERSON,張揆
14552,PERSON,陳景星
14555,PERSON,于玉萍
7594,PERSON,鐘嘉德
14566,PERSON,宋國榮
7564,PERSON,李昆澤
7561,PERSON,司馬昭
14626,PERSON,余玲雅
6921,PERSON,鍾孔炤
7554,PERSON,陽明
6941,PERSON,李 昆澤
14586,PERSON,劉達振
7544,PERSON,趙天霖
14605,PERSON, 古秀妃
15333,PERSON,鼎強里
15302,PERSON,魏琮達施
15300,PERSON,嚴東霖
7062,PERSON,高雄市環保局
15298,PERSON,廖美花
6938,PERSON,趙天麟
15257,PERSON,王威仁
14454,PERSON,曾旭正
6519,PERSON,張譽
14282,PERSON,戴淑芬
16296,PERSON,萬善爺
16289,PERSON,玉皇上帝
7894,PERSON,方德隆
6243,PERSON,江雅涵
14297,PERSON,林芝宇
16247,PERSON,李美金
7879,PERSON,曾乾瑜
16227,PERSON,蔡金宴
6259,PERSON,封后 
16308,PERSON,武則天坐天
16212,PERSON,李眉蓁
16195,PERSON,June Lee 
16193,PERSON,洪祥植
16191,PERSON,吳修銘
16178,PERSON,Mayumi Okabayashi
14317,PERSON,世文
6288,PERSON,王「糸秀
16173,PERSON,June Lee
6293,PERSON,李瓊慧
6294,PERSON,曾美妙
14318,PERSON,陳銘城
16197,PERSON,嚴潤森
16167,PERSON,郝建生
14279,PERSON,蔣業維
16335,PERSON,李淵
16463,PERSON,高雄愛河
16454,PERSON,金秀麗
6152,PERSON,顏安妮
6153,PERSON,余佳玲
6165,PERSON,顏蕊涵
7938,PERSON,林芬瑩
6173,PERSON,周國金
16403,PERSON,Michael Bostwick
7920,PERSON,丁秋塗
7911,PERSON,林天祥
14255,PERSON,徐正義
16388,PERSON,泰弘
16386,PERSON,石垣英
6200,PERSON,洪媺
7909,PERSON,李培元
7906,PERSON,吳俊德
6211,PERSON,王正富
16367,PERSON,徐 府
16361,PERSON,高雄永安
16354,PERSON,徐懋功
16348,PERSON,天文宮
16336,PERSON,徐府
6197,PERSON,顏綺翾
6520,PERSON,林鈺展
6312,PERSON,黃富義
16159,PERSON,孫智嫻
16067,PERSON,柯建銘
14369,PERSON,余）世文
16057,PERSON,林貴美
7812,PERSON,陳綵凰
7806,PERSON,劉江
16049,PERSON,宋慶信
16047,PERSON,何芳賢
6436,PERSON,李新
16037,PERSON,顏秋蓉
16035,PERSON,魏宗胤
14368,PERSON,朱鎮五
16029,PERSON,邱瓊月
16010,PERSON,林惟賢
6500,PERSON,水扁
16001,PERSON,林正宗
7765,PERSON,高雄區
7758,PERSON,吳敏貞
15973,PERSON,陳宏宗
15964,PERSON,寒單爺
15955,PERSON,李建智
7748,PERSON,吳女
6518,PERSON,簡久津
14384,PERSON,金大坤
6325,PERSON,宋江陣
16071,PERSON,高志鵬
6397,PERSON,旗津國中
16157,PERSON,張其祿
6345,PERSON,順賢宮
16154,PERSON,韓洪開
6347,PERSON,邱月櫻
16148,PERSON,濮大威
16147,PERSON,陳宗圓
6352,PERSON,黃正芬
6353,PERSON,呂錦隆
6354,PERSON,賴文泰
16138,PERSON,黃世宗
14357,PERSON,安京煥
14338,PERSON,楊碧川
7870,PERSON,李淑惠
6382,PERSON,黃榮輝
16106,PERSON,鄭南榕
16104,PERSON,尤美女
16101,PERSON,孫文
16094,PERSON,王定宇
6387,PERSON,莊燦隆
7845,PERSON,許坤揚
6390,PERSON,楊進基
6393,PERSON,林順輔
16123,PERSON,孫中山
7939,PERSON,林勝山
15255,PERSON,李水棉
7526,PERSON,谷縱·喀勒芳安
15052,PERSON,許省盛
15050,PERSON,皇極玉
15049,PERSON,劉燕美
7411,PERSON,葉玉如
15047,PERSON,陳來座
15045,PERSON,周詩盈
15044,PERSON,黃順得
15043,PERSON,梁宏安
14939,PERSON,梁進雄
7414,PERSON,中正國
15053,PERSON,梁進壽
15040,PERSON,羅木松
15038,PERSON,高雄巿
7420,PERSON,昭明國小
15034,PERSON,陳盈金
15032,PERSON,紅毛港朝天宮
7422,PERSON,崇德國小
15028,PERSON,太文
15027,PERSON,廖淑紅
15026,PERSON,陳柏宇
14940,PERSON,黃竹芳
15023,PERSON,陳淑貞
15039,PERSON,陳興福
15022,PERSON,蔡輔雄
15054,PERSON,林寬鈿
7409,PERSON,小齊天
15090,PERSON,鄭宗哲
15088,PERSON,蘇石盾
15087,PERSON,陳進壽
7394,PERSON,濟會
14936,PERSON,鄭樹
15084,PERSON,謝錫亭
15083,PERSON,郭賴富美
15082,PERSON,邵海溪
15078,PERSON,王銀寶
15077,PERSON,李楊淑華
15055,PERSON,吳秋珠
14937,PERSON,蔡委霖
15071,PERSON,黃珮縈
15070,PERSON,許詩敏
15069,PERSON,柯明昇
7406,PERSON,謝逸華
15067,PERSON,唐文禎
7407,PERSON,劉瑞銘
14938,PERSON,鄭宗輔
15061,PERSON,林振聰
15059,PERSON,林太任
15058,PERSON,李張卿春
15073,PERSON,何宏鈞
7393,PERSON,萌寶貴
15021,PERSON,郭三源
15018,PERSON,徐昕妤
7453,PERSON,李州正
14980,PERSON,蘇建雄
14978,PERSON,陳明全
14977,PERSON,江福生
14975,PERSON,李振頡
7476,PERSON,智鴻
14972,PERSON,陳國禎
14971,PERSON,黃逸萱
14970,PERSON,楊家豪
14969,PERSON,蘇發成
14983,PERSON,陳秋萍
14967,PERSON,林玉琴
14965,PERSON,林佼燕
14964,PERSON,范水旺
14961,PERSON,李美玉
7479,PERSON,陳振坤
14957,PERSON,楊詞媛
14956,PERSON,陳曾惠琴
14955,PERSON,楊弼合
14946,PERSON,玄明宮
14953,PERSON,陳佩恩
14947,PERSON,湯宗慶
14966,PERSON,郭信良
15019,PERSON,林水松
7451,PERSON,張簡麗琴
14987,PERSON,簡春甲
15016,PERSON,無極
7431,PERSON,五福國小
14944,PERSON,鄭榮洲
15012,PERSON,鍾秀蘭
15011,PERSON,李俊
15010,PERSON,梁良 義
7434,PERSON,紅毛港
15007,PERSON,張簡慶賓
15004,PERSON,湯榮祥
15002,PERSON,謝陳滿
14986,PERSON,潘明傳
15001,PERSON,李炳丁
14999,PERSON,黃太乙
14998,PERSON,張芳甄
14997,PERSON,吳文雄
14996,PERSON,黃萬有
14994,PERSON,白啟宏
7449,PERSON,國際冠君
14991,PERSON,宋素娟
7450,PERSON,國際
14989,PERSON,黃鎮榮
14988,PERSON,謝 憲忠
15000,PERSON,梁茂德
15254,PERSON,鄭蔡素貞
14935,PERSON,希夷堂王 忠勇
7488,PERSON,陳志成
15212,PERSON,楊明陶
15210,PERSON,蘇宛珊
15209,PERSON,洪誌鴻
15208,PERSON,吳建勳
15207,PERSON,林金輝
15206,PERSON,王沛靜
15205,PERSON,李素澐
15204,PERSON,龍瑩
15203,PERSON,朝后宮
14728,PERSON,廖港民
15213,PERSON,李昀瑾
7520,PERSON,古玉花
15197,PERSON,陳怡均
15196,PERSON,李清標
15195,PERSON,房阿秋
15194,PERSON,陳茂昇
15193,PERSON,李王
7285,PERSON,羅比諾
14737,PERSON,魏煥忠
15189,PERSON,李宗瑞
7291,PERSON,朱元宏
15186,PERSON,阮美金
15200,PERSON,郭世芳
15183,PERSON,黃國勝
15214,PERSON,李美燕
15218,PERSON,鄭雅文
15251,PERSON,梁順德
15249,PERSON,郭秋櫻
15248,PERSON,王南海
15247,PERSON,方榮聰
15246,PERSON,李蔡淑貞
14678,PERSON,陳菊前
15244,PERSON,黃啟豪
15243,PERSON,劉鳳珠
7164,PERSON,蔡習
15238,PERSON,翁文祈
15215,PERSON,何紹輔
15237,PERSON,呂睿麒
15234,PERSON,大德
15233,PERSON,林憲能
15231,PERSON,枝美
15229,PERSON,萬軒食
15228,PERSON,王秀瑜
7181,PERSON,習近平
7524,PERSON,伊斯坦大．貝雅夫
7219,PERSON,趙怡
15221,PERSON,王水松
7522,PERSON,高義展
15236,PERSON,林美杏
7389,PERSON,簡美姿
15182,PERSON,陳曾
15178,PERSON,玄聖殿
15139,PERSON,林水吉
7508,PERSON,許春美
14761,PERSON,Ｍｏｈａｍｍｅｄ
15134,PERSON,李樑堅
15133,PERSON,蔡進興
15132,PERSON,張宥婷
15131,PERSON,李陳香
15130,PERSON,王進福
15129,PERSON,何宗穎
15127,PERSON,林政相
15140,PERSON,夏如怡
15125,PERSON,翁清太
15121,PERSON,叢）
15120,PERSON,謝林美櫻
15117,PERSON,嚴永和
15114,PERSON,陳瓊淳
15108,PERSON,中華道教
15106,PERSON,陳寶櫻
15103,PERSON,陳豐陳文財
15102,PERSON,李鴻祥
15101,PERSON,謝錫
7492,PERSON,辛在勤
15123,PERSON,謝佳霖
7292,PERSON,林士昌
15143,PERSON,陳黃雪珠
15145,PERSON,梁進財
7519,PERSON,谷縱
15176,PERSON,洪榮良
15175,PERSON,王國華
15173,PERSON,潘俐霖
15172,PERSON,翁昭一
15170,PERSON,法喜
15168,PERSON,楊清河
7300,PERSON,楊正中
15162,PERSON,夏宏養
15161,PERSON,蔡淵松
15144,PERSON,鄭宗德
7301,PERSON,張立傑
15157,PERSON,玉寶殿
15155,PERSON,高雄
7306,PERSON,李中
7516,PERSON,戴文正
7311,PERSON,王義川
15150,PERSON,大港保安宮
15149,PERSON,龔郭美昭
7319,PERSON,何敏誠
15147,PERSON,陳嘉基
15146,PERSON,王再萬
15159,PERSON,王永長
7942,PERSON,陳文求
6129,PERSON,陳明
6119,PERSON,金延華
18558,PERSON,衛生福利部
4511,PERSON,蘇中原
18505,PERSON,邱瑞金
18502,PERSON,李惠寧
8806,PERSON,蔡茂耀
18499,PERSON,藍美珍
18495,PERSON,李元新
18493,PERSON,王昌文
4521,PERSON,Cheekwony
18488,PERSON,陳興發
18572,PERSON,黃羽彤
4522,PERSON,Thomas
13255,PERSON,江夏萬戶黃
8793,PERSON,吳軒銘
18478,PERSON,陳進德
4528,PERSON,潘儀娟
18472,PERSON,謝汀嵩
18470,PERSON,吳淑惠
18469,PERSON,薛茂竹
13265,PERSON,黃祺鳴
18466,PERSON,陳佑瑞
13267,PERSON,黃 秀美
13237,PERSON,陳玉盆
18462,PERSON,蘇秀美
18576,PERSON,張博評
13226,PERSON,黃萬教
13134,PERSON,陳啟昱
8888,PERSON,黃義英
18771,PERSON,徐正光
18769,PERSON,曾貴
8873,PERSON,黃清江
18767,PERSON,李旺台
18766,PERSON,林生祥
13141,PERSON,張文燦
4386,PERSON,韓碧祥
18762,PERSON,吳應文
13230,PERSON,黃永光
18756,PERSON,吳錦發
13148,PERSON,喬小英
13160,PERSON,基伯公
8830,PERSON,張吉雄
8829,PERSON,蔡朝鵬
13178,PERSON,伯公
13194,PERSON,廖卿惠
18609,PERSON,林忠駿
18608,PERSON,孫致仁
4503,PERSON,戴秀妤
18582,PERSON,蔡睿亞
13142,PERSON,蘇麗瓊
4367,PERSON,蔡 
18461,PERSON,鳥松區
18456,PERSON,甲仙區
18354,PERSON,陳威仁
18352,PERSON,蕭家淇
4693,PERSON,侯帛卲
4697,PERSON,沈靜怡
4708,PERSON,鄒尚桐
13406,PERSON,吳水河
13416,PERSON,吳響峻
18296,PERSON,林明輝
4721,PERSON,駱子安
4722,PERSON,賴緯霖
8684,PERSON,菊姐
4725,PERSON,李承謙
18253,PERSON,徐府千歲
13417,PERSON,宋楚 瑜
13418,PERSON,陳啟昌
18228,PERSON,李世勣
18226,PERSON,徐懋公
13421,PERSON,黃茂雄
4782,PERSON,菅谷眧
18197,PERSON,林蒲
18194,PERSON,洪富賢
8552,PERSON,徐志鈴
4726,PERSON,游淑惠
4546,PERSON,范巽綠
18365,PERSON,馮燕
18386,PERSON,拉大龜王
18454,PERSON,燕巢區
18452,PERSON,蔡登山
18451,PERSON,楊娟華
4562,PERSON,柳平千
4580,PERSON,御柱祭
4588,PERSON,曾姿雯
18438,PERSON,苓雅區
18437,PERSON,袁德明
18435,PERSON,三民區
4614,PERSON,柳平
18373,PERSON,孫立群
18431,PERSON,陳姿芬
18429,PERSON,鄭志良
13302,PERSON,黃昭星
18427,PERSON,丁姬伶
18426,PERSON,謝水福
18422,PERSON,魏瑟瑄
13322,PERSON,林清益
4627,PERSON,蔡平賜
18419,PERSON,邱金寶
4630,PERSON,葉松瑋
18389,PERSON,聖帝祖
18430,PERSON,鄭明興
4805,PERSON,柯曾提
13132,PERSON,盧維屏
4359,PERSON,李叔同
19277,PERSON,六堆學文
9045,PERSON,陳虹龍
3787,PERSON,梅建華
9028,PERSON,王宏榮
19258,PERSON,春趣
19256,PERSON,陳師孟
3800,PERSON,梅健華
12960,PERSON,林子清
3918,PERSON,周明岳
12963,PERSON,沈世芳
19291,PERSON,曾貴海
9026,PERSON,劉備
9025,PERSON,趙 天麟
3954,PERSON,迎春宴
12983,PERSON,陳傑
3957,PERSON,呂佳揚
12989,PERSON,俊賢
3970,PERSON,杜維浩
8994,PERSON,張瑞仁
19131,PERSON,李啟聰
13008,PERSON,莊啟旺
3988,PERSON,佳鴻
12972,PERSON,周鍾?
19114,PERSON,陳萬強
9059,PERSON,齊天大
9097,PERSON,太上道祖
3426,PERSON,翁 啟惠
19466,PERSON,漢神巨蛋
3433,PERSON,浩鼎
3437,PERSON,翁郁琇
9127,PERSON,王宏 榮
19446,PERSON,陳錦隆
3499,PERSON,陳菊市
3500,PERSON,康裕誠
3544,PERSON,陳 菊
3561,PERSON,鄭新助
9077,PERSON,齊天
3568,PERSON,陳 水扁
19409,PERSON,鄭明昌
3616,PERSON,黃重諺
9111,PERSON,曾文忠
3648,PERSON,探扁
3668,PERSON,顧立雄
3675,PERSON,徐 永
19358,PERSON,蔣丙煌
3679,PERSON,李俊俋
3683,PERSON,陳前
3707,PERSON,議長康裕成
3585,PERSON,李全教
4363,PERSON,李巾萱
3989,PERSON,黃水成
4002,PERSON,李孔文
4212,PERSON,張善政
13110,PERSON,李林足素
18998,PERSON,林英斌
18993,PERSON,林錦章
4309,PERSON,陳清茂
4322,PERSON,林意翔
4348,PERSON,陳順
13126,PERSON,小英準
4352,PERSON,千里錦繡
18958,PERSON,史明
8893,PERSON,鳳興里
18953,PERSON,魏德聖
18931,PERSON,彭明敏
18929,PERSON,Nylon
18923,PERSON,澎恰恰
18917,PERSON,姚文智
4354,PERSON,劉瓊芬
4358,PERSON,弘一
18891,PERSON,孫清義
18885,PERSON,楊文振
18871,PERSON,李長生
18870,PERSON,張啟風
18952,PERSON,史明紀
8986,PERSON,郭敏能
19013,PERSON,嘉年華
4180,PERSON,郭志文
4021,PERSON,劉慶洲
4022,PERSON,張志清
4029,PERSON,中郡錦藏
8972,PERSON,賴倍元
4050,PERSON,松本
8943,PERSON,賴建忠
4074,PERSON,許福明
13050,PERSON,宗景宜
13067,PERSON,蔡柏英
8942,PERSON,賴桑
13106,PERSON,方明賢
4092,PERSON,陳粹鑾
4129,PERSON,燕巢
8937,PERSON, 賴桑
13079,PERSON,藍黃玉鳳
4139,PERSON,徐榮彬
4144,PERSON,丁允恭
4156,PERSON,黃志中
8925,PERSON,洪秀菊
8918,PERSON,吳麗慧
19030,PERSON,張銘池
8904,PERSON,簡志強
14948,PERSON,李來金
4806,PERSON,鄭文燦
18184,PERSON,西南
4808,PERSON,林鶴明
5737,PERSON,賴杉桂
17151,PERSON,蔡小英
17143,PERSON,吳永揮
17142,PERSON,林淑娟
17140,PERSON,施維明
17130,PERSON,林玉魁
13817,PERSON,涂醒哲
17106,PERSON,吳 宏
13857,PERSON,恭賀
17055,PERSON,陳克威
17157,PERSON,駱邦吉
17044,PERSON,敖博勝
17036,PERSON,李福軒
17034,PERSON,林火旺
5810,PERSON,張文瑞
17001,PERSON,陳學聖
16991,PERSON,洪秀柱
16988,PERSON,陳克誠
5830,PERSON,許智傑
16967,PERSON,潘俐燕
5831,PERSON,蔡長展
16964,PERSON,李秀蓉
17040,PERSON,李玉文
16937,PERSON,陳敬忠
17159,PERSON,小英輔
17165,PERSON,林園區
5556,PERSON,許傳盛
5557,PERSON,張修齊
5558,PERSON,陳瑞騰
17334,PERSON,李福芃
5565,PERSON,張永義
8119,PERSON,曾莉莉
13731,PERSON,巴林 Gulfdallynews
8111,PERSON,洪梅珍
5587,PERSON,陳百川
5596,PERSON,顏嘉弘
17163,PERSON,旗津區
17296,PERSON,王國慶
5606,PERSON,黃春燕
13741,PERSON,阿曼阿拉伯文
13745,PERSON,陳天爵
5653,PERSON,陳銘彬
17210,PERSON,蘇貞昌
5713,PERSON,林義雄
8085,PERSON,邱志 偉
8081,PERSON,詹嘉郁
5726,PERSON,黃日進
5733,PERSON,韓賜村
13735,PERSON,Abdulhussain Dawani
8129,PERSON,許鳳文
16936,PERSON,Ο文
16901,PERSON,郭進 宗
16684,PERSON,蔡 柏英
6031,PERSON,那瑪夏國中
7965,PERSON,鍾飲文
16664,PERSON,鴻海
14063,PERSON,林鳳琪
16659,PERSON,邱敬斌
16652,PERSON,郭台銘
6043,PERSON,谷縱．喀勒芳安
14082,PERSON,陳彥嘉
6050,PERSON,茂林國中
7966,PERSON,黃洽鑽
6056,PERSON,曾勇夫
7954,PERSON,何啟功
14140,PERSON,邱 志偉
14144,PERSON,林益世
16521,PERSON,觀亭國小
6076,PERSON,越方
14149,PERSON,春樹
6092,PERSON,陳水
6097,PERSON,陳報狀
6106,PERSON,吳豐賓
7953,PERSON,走馬 
6061,PERSON,辜仲諒
16903,PERSON,楊澤安
6019,PERSON,王彥
6000,PERSON,吳明昌
5883,PERSON,蔡孟裕
16876,PERSON,方奕傑
5919,PERSON,邱志偉
16849,PERSON,沈茂松
16843,PERSON,陳啟中
5928,PERSON,忠興里
13925,PERSON,陳少卿
5931,PERSON,林水欽
16828,PERSON,襲皇光
16827,PERSON,正修大
6004,PERSON,陳文堂
5932,PERSON,文賢
16808,PERSON,吳百祿
16800,PERSON,邱楨誠
16799,PERSON,龔瑞璋
5948,PERSON,葉厝里
16793,PERSON,龔文雄
5986,PERSON,林杏麗
16772,PERSON,富駿公司
5993,PERSON,彌陀國小
16767,PERSON,高淑慧
7985,PERSON,何 啟功
16812,PERSON,林 烈利
5546,PERSON,恰同查理．布朗
5540,PERSON,于玲燕
8132,PERSON,瑞祥高中
17989,PERSON,陳淑華
17987,PERSON,段宜康
4896,PERSON,張乃千
4898,PERSON,劉德文
4905,PERSON,陳善慧
13449,PERSON,王玉發
4917,PERSON,前鎮區莊志明
17977,PERSON,阮昭雄
17974,PERSON,陳明文
17972,PERSON,陳勝宏
4895,PERSON,張簡龍
4944,PERSON,花媽
17960,PERSON,唐太宗
17957,PERSON,德冠
17946,PERSON,三梁進德
17938,PERSON,洪正忠
17928,PERSON,一梁
17922,PERSON,二梁
17919,PERSON,進德
13455,PERSON,許村郎布莊
17906,PERSON,高雄永安天文宮
17904,PERSON,李勣
17963,PERSON,三梁進德冠
17901,PERSON,三梁
17995,PERSON,蔡憲浩
4889,PERSON,陳蔡根
4825,PERSON,林佳 龍
13439,PERSON,王金平
4839,PERSON,華平
4853,PERSON,訓祥
4855,PERSON,胡俊雄
13442,PERSON,楊秋興
8526,PERSON,吳盈良
13446,PERSON,賴繁光
4869,PERSON,鄭月霞
4873,PERSON,劉登榮
4894,PERSON,蔡鎮興
18098,PERSON,林中森
18075,PERSON,方方土
18074,PERSON,游錫
18071,PERSON,長游錫
4880,PERSON,黃清景
18056,PERSON,江浚昌
18054,PERSON,張恩成
4882,PERSON,薛富升
13447,PERSON,布莊
17999,PERSON,羅致政
4886,PERSON,鍾通祥
4879,PERSON,黃文裕
13457,PERSON,李炷烽
13462,PERSON,吳清基
17886,PERSON,陳海通
13617,PERSON,壽山動物園
5354,PERSON,大揚文
5355,PERSON,侯彩 鳳
5357,PERSON,黃啟川
17575,PERSON,張秋文
5376,PERSON,陳新安
5394,PERSON,史哲
5397,PERSON,大溝頂
5398,PERSON,鄭淵文
8233,PERSON,陳金德
5345,PERSON,唐心
8222,PERSON,萬巴德
8181,PERSON,張復聚
17497,PERSON,左營文武聖殿
5459,PERSON,劉己玄
5461,PERSON,游信智
5465,PERSON,張槃槐
5473,PERSON,劉文秀
13710,PERSON,阿曼Oman Daily Observer
5502,PERSON,黃進雄
13715,PERSON,葉湟淇
8133,PERSON,瑞祥高
8215,PERSON,韓明榮
5335,PERSON,侯彩鳳
5317,PERSON,陳清 茂
5301,PERSON,沈 英章
17871,PERSON,林志東
13471,PERSON,林天生
13473,PERSON,吳清菊
13474,PERSON,吳德祥
5072,PERSON,阿部
13484,PERSON,高雄熊
17840,PERSON,際馬拉松
5133,PERSON,莊朝嘉
13492,PERSON,熊粉
5142,PERSON,釋迦牟尼佛
5145,PERSON,鎌倉大佛莊
17788,PERSON,杜紫軍
5162,PERSON,宋貴龍
8425,PERSON,蔡其昌
13549,PERSON,莊金國
5237,PERSON,高清愿
5254,PERSON,云云
8382,PERSON,洪奇昌
13566,PERSON,梁明輝
5285,PERSON,陳訓祥
5286,PERSON,李昇奇
5291,PERSON,李政穎
5295,PERSON,沈智荃
3425,PERSON,建仔
24741,PERSON,黃秋英
